2 0.3359375 0.45703125 0.09921875 0.06484375
2 0.79140625 0.8859375 0.08515625 0.07109375
2 0.7765625 0.43828125 0.1 0.065625
2 0.875 0.771875 0.1078125 0.09296875
2 0.3375 0.34921875 0.09375 0.078125
2 0.35078125 0.90546875 0.10234375 0.0796875
2 0.96796875 0.471875 0.0640625 0.06953125
2 0.06015625 0.49609375 0.08984375 0.07109375
2 0.0890625 0.675 0.11328125 0.10234375
2 0.309375 0.66640625 0.10859375 0.06796875
2 0.4203125 0.62109375 0.08359375 0.07421875
2 0.11953125 0.82734375 0.14140625 0.08046875
2 0.29375 0.7859375 0.08828125 0.109375
2 0.43515625 0.759375 0.075 0.06796875
2 0.55859375 0.74765625 0.0953125 0.0875
2 0.725 0.77890625 0.08125 0.084375
2 0.48671875 0.915625 0.1296875 0.128125
2 0.17734375 0.95859375 0.12109375 0.0828125
2 0.63359375 0.9125 0.1265625 0.0875
2 0.93671875 0.90078125 0.12578125 0.1015625
2 0.7765625 0.37265625 0.13125 0.07734375
2 0.19140625 0.30859375 0.11328125 0.08671875
2 0.0484375 0.35703125 0.0890625 0.09296875
2 0.1515625 0.18359375 0.1265625 0.0859375
2 0.17421875 0.053125 0.16640625 0.10546875
2 0.62109375 0.1859375 0.09921875 0.1140625
2 0.7859375 0.21640625 0.13125 0.08125
2 0.921875 0.18984375 0.084375 0.08984375
2 0.81484375 0.084375 0.10703125 0.1265625
2 0.9484375 0.07109375 0.06328125 0.084375
2 0.515625 0.040625 0.1453125 0.07734375
2 0.4796875 0.165625 0.08828125 0.10390625
2 0.359375 0.05390625 0.1140625 0.075
2 0.8921875 0.62265625 0.09921875 0.078125