0 0.628125 0.26015625 0.34375 0.21015625
0 0.321875 0.22109375 0.2796875 0.196875
0 0.084375 0.203125 0.16875 0.246875
0 0.15234375 0.43984375 0.3046875 0.1984375
0 0.490625 0.4625 0.39921875 0.2265625
0 0.85 0.51640625 0.2984375 0.25859375
0 0.13125 0.77578125 0.2625 0.34921875
0 0.41640625 0.8453125 0.4578125 0.309375
0 0.821875 0.85234375 0.35625 0.2953125
0 0.4859375 0.04609375 0.2984375 0.0921875
0 0.23359375 0.0328125 0.2140625 0.065625
0 0.06328125 0.0328125 0.1265625 0.065625
0 0.8078125 0.05 0.30859375 0.1
0 0.971875 0.0984375 0.05625 0.196875