1 0.34453125 0.27265625 0.084375 0.07890625
1 0.3546875 0.20234375 0.0921875 0.06171875
1 0.53046875 0.825 0.13046875 0.11171875
1 0.0484375 0.86171875 0.096875 0.09296875
1 0.703125 0.290625 0.11953125 0.08046875
1 0.52890625 0.353125 0.1078125 0.0703125
1 0.478125 0.53359375 0.13359375 0.08984375
1 0.73828125 0.14453125 0.0984375 0.05234375
1 0.87578125 0.14375 0.0890625 0.0578125
1 0.88203125 0.19375 0.15 0.06328125
1 0.88046875 0.24921875 0.10390625 0.0515625
1 0.85703125 0.32265625 0.1171875 0.0578125
1 0.70234375 0.353125 0.13828125 0.08203125
1 0.86484375 0.4203125 0.21875 0.0484375
1 0.87421875 0.49765625 0.08515625 0.0859375
1 0.70625 0.4671875 0.08515625 0.0890625
1 0.69609375 0.51484375 0.1609375 0.0828125
1 0.72578125 0.64453125 0.1875 0.09609375
1 0.89921875 0.62578125 0.10390625 0.08203125
1 0.92578125 0.7484375 0.1484375 0.15625
1 0.7609375 0.8296875 0.11171875 0.09296875
1 0.459375 0.71875 0.15 0.096875
1 0.31796875 0.8296875 0.13828125 0.11953125
1 0.5046875 0.60546875 0.12421875 0.1
1 0.534375 0.44453125 0.10859375 0.08984375
1 0.5375 0.26796875 0.121875 0.08125
1 0.52109375 0.171875 0.13125 0.0578125
1 0.715625 0.20546875 0.13671875 0.0890625
1 0.29375 0.3734375 0.12421875 0.06796875
1 0.27578125 0.4546875 0.125 0.05703125
1 0.26328125 0.54375 0.0984375 0.053125