1 0.61953125 0.53515625 0.1046875 0.1296875
1 0.73671875 0.4515625 0.07890625 0.09453125
1 0.13984375 0.42734375 0.10703125 0.09609375
1 0.72578125 0.5953125 0.090625 0.1046875
1 0.10234375 0.21484375 0.0890625 0.1
1 0.62421875 0.6296875 0.09921875 0.0703125
1 0.7296875 0.37578125 0.0859375 0.08046875
1 0.60078125 0.7359375 0.096875 0.0921875
1 0.59609375 0.72734375 0.09609375 0.0859375
1 0.39375 0.85078125 0.08671875 0.10546875
1 0.51171875 0.4859375 0.08984375 0.09609375
1 0.49609375 0.9375 0.0796875 0.09609375
1 0.6046875 0.315625 0.1125 0.14375
1 0.28671875 0.7875 0.10078125 0.10703125
1 0.0296875 0.43125 0.059375 0.1171875
1 0.51640625 0.5765625 0.0625 0.06171875
1 0.0765625 0.821875 0.1046875 0.1078125
1 0.4015625 0.54453125 0.0828125 0.08203125
1 0.3890625 0.34609375 0.1078125 0.125
1 0.26875 0.48125 0.11640625 0.1265625
1 0.59140625 0.10625 0.08671875 0.1171875
1 0.7328125 0.25234375 0.078125 0.1453125
1 0.72734375 0.70234375 0.08671875 0.103125
1 0.715625 0.775 0.0953125 0.05625
1 0.7109375 0.9203125 0.059375 0.1140625
1 0.60234375 0.91796875 0.08515625 0.0640625
1 0.61328125 0.81015625 0.05859375 0.06015625
1 0.48359375 0.1265625 0.07421875 0.13046875
1 0.48203125 0.2359375 0.07265625 0.08984375
1 0.3609375 0.12734375 0.125 0.22109375
1 0.36796875 0.271875 0.09765625 0.1140625
1 0.4 0.64609375 0.06796875 0.0953125
1 0.51875 0.6671875 0.08515625 0.078125
1 0.496875 0.75234375 0.04296875 0.05234375
1 0.50234375 0.8265625 0.07109375 0.04140625
1 0.2671875 0.9671875 0.10390625 0.065625
1 0.2734375 0.9 0.0953125 0.0890625
1 0.28984375 0.66953125 0.0765625 0.075
1 0.2984375 0.57578125 0.0859375 0.0671875
1 0.271875 0.34921875 0.0578125 0.06875
1 0.22421875 0.2625 0.12265625 0.109375
1 0.1109375 0.32265625 0.07109375 0.09140625
1 0.17421875 0.65390625 0.08515625 0.12109375
1 0.1796875 0.7484375 0.04375 0.06640625
1 0.16484375 0.96171875 0.1 0.0765625
1 0.08125 0.9265625 0.0609375 0.0765625
1 0.0828125 0.9765625 0.0859375 0.046875
1 0.05625 0.590625 0.09453125 0.18203125
1 0.05859375 0.74375 0.08515625 0.10625
1 0.38203125 0.95234375 0.0765625 0.07109375