1 0.85625 0.34609375 0.10234375 0.10703125
1 0.47421875 0.62578125 0.1171875 0.075
1 0.66953125 0.71328125 0.13984375 0.08125
1 0.67421875 0.61640625 0.13359375 0.10625
1 0.6671875 0.5375 0.134375 0.0859375
1 0.88984375 0.6734375 0.1703125 0.13359375
1 0.8421875 0.621875 0.096875 0.0875
1 0.25546875 0.73828125 0.096875 0.1078125
1 0.11875 0.37890625 0.13203125 0.0859375
1 0.8390625 0.26015625 0.11015625 0.0796875
1 0.453125 0.353125 0.10390625 0.10234375
1 0.478125 0.715625 0.11875 0.09921875
1 0.5015625 0.53046875 0.125 0.07421875
1 0.884375 0.49609375 0.1953125 0.1234375
1 0.29609375 0.5671875 0.11796875 0.15078125
1 0.0859375 0.57421875 0.1015625 0.103125
1 0.07421875 0.68515625 0.07578125 0.103125
1 0.30234375 0.45078125 0.10859375 0.10859375
1 0.103125 0.4765625 0.1125 0.078125
1 0.475 0.43515625 0.1671875 0.08984375
1 0.6671875 0.4328125 0.16875 0.1359375
1 0.66875 0.29140625 0.14921875 0.1546875
1 0.4484375 0.25 0.16328125 0.1203125
1 0.2484375 0.2546875 0.10390625 0.1203125
1 0.07578125 0.27578125 0.128125 0.15234375
1 0.05625 0.12890625 0.1125 0.08828125
1 0.25859375 0.13203125 0.184375 0.140625
1 0.45546875 0.13359375 0.14609375 0.11640625
1 0.64296875 0.0859375 0.1828125 0.11875
1 0.65546875 0.175 0.18984375 0.09140625
1 0.8046875 0.07109375 0.13671875 0.12734375
1 0.978125 0.27578125 0.04375 0.0875
1 0.940625 0.06640625 0.11875 0.1328125