1 0.70078125 0.6296875 0.1171875 0.0640625
1 0.53671875 0.26953125 0.13515625 0.1171875
1 0.5515625 0.5640625 0.1390625 0.0890625
1 0.32265625 0.67265625 0.19296875 0.1609375
1 0.928125 0.55859375 0.1421875 0.16484375
1 0.734375 0.54765625 0.16328125 0.13515625
1 0.9390625 0.3953125 0.121875 0.16875
1 0.7734375 0.3578125 0.15078125 0.1125
1 0.5890625 0.3484375 0.1328125 0.12109375
1 0.95390625 0.22421875 0.0921875 0.1734375
1 0.78671875 0.2421875 0.165625 0.0953125
1 0.77109375 0.14453125 0.19140625 0.090625
1 0.58515625 0.12890625 0.11171875 0.15703125