1 0.24609375 0.26328125 0.090625 0.071875
1 0.07421875 0.246875 0.07890625 0.0671875
1 0.428125 0.28359375 0.07109375 0.08125
1 0.0671875 0.1453125 0.05234375 0.059375
1 0.09765625 0.20546875 0.1234375 0.0359375
1 0.1203125 0.30625 0.109375 0.075
1 0.09765625 0.375 0.15703125 0.06171875
1 0.0640625 0.4546875 0.06875 0.06484375
1 0.07421875 0.56484375 0.05625 0.04921875
1 0.05703125 0.65625 0.090625 0.0859375
1 0.21953125 0.7328125 0.103125 0.0828125
1 0.03046875 0.77578125 0.0609375 0.0890625
1 0.4828125 0.7328125 0.16015625 0.0671875
1 0.44296875 0.65703125 0.146875 0.0765625
1 0.47578125 0.5765625 0.10859375 0.08046875
1 0.28671875 0.5234375 0.06953125 0.09453125
1 0.459375 0.45859375 0.1265625 0.0734375
1 0.45390625 0.38828125 0.13359375 0.08203125
1 0.30546875 0.4140625 0.090625 0.0765625
1 0.28359375 0.35078125 0.08828125 0.08046875
1 0.2453125 0.20546875 0.10859375 0.05546875
1 0.265625 0.15 0.08046875 0.03828125
1 0.41171875 0.12109375 0.07265625 0.090625
1 0.42890625 0.22265625 0.12890625 0.08828125
1 0.7203125 0.7796875 0.12109375 0.10390625
1 0.671875 0.65859375 0.078125 0.06328125
1 0.66484375 0.5640625 0.084375 0.071875
1 0.671875 0.47421875 0.08046875 0.071875
1 0.665625 0.3953125 0.15078125 0.04609375
1 0.58046875 0.29375 0.10625 0.05078125
1 0.59609375 0.2359375 0.1 0.0546875
1 0.60546875 0.1765625 0.07578125 0.06875
1 0.77890625 0.18125 0.0515625 0.09375
1 0.7609375 0.2875 0.09140625 0.046875
1 0.825 0.33984375 0.178125 0.07578125
1 0.87421875 0.42890625 0.12734375 0.0671875
1 0.90625 0.5484375 0.1078125 0.071875
1 0.91640625 0.6375 0.1265625 0.053125
1 0.903125 0.740625 0.08125 0.15390625