1 0.140625 0.1890625 0.10234375 0.10078125
1 0.6546875 0.20078125 0.0953125 0.090625
1 0.1859375 0.61171875 0.11015625 0.08984375
1 0.434375 0.5953125 0.1390625 0.15703125
1 0.42890625 0.50546875 0.10703125 0.09609375
1 0.1640625 0.29140625 0.11328125 0.06328125
1 0.70859375 0.68828125 0.159375 0.15078125
1 0.92421875 0.68359375 0.1515625 0.1328125
1 0.93515625 0.85546875 0.12890625 0.109375
1 0.6109375 0.8203125 0.24453125 0.07890625
1 0.3765625 0.8328125 0.13359375 0.103125
1 0.21796875 0.71171875 0.21328125 0.078125
1 0.15625 0.80078125 0.1234375 0.12734375
1 0.47578125 0.7296875 0.19609375 0.08984375
1 0.696875 0.553125 0.1578125 0.0921875
1 0.92890625 0.56640625 0.1265625 0.0828125
1 0.1609375 0.5109375 0.175 0.078125
1 0.20625 0.3703125 0.19453125 0.05703125
1 0.43828125 0.3703125 0.14921875 0.06015625
1 0.725 0.42109375 0.1921875 0.14765625
1 0.9203125 0.44296875 0.159375 0.128125
1 0.42421875 0.25390625 0.1234375 0.078125
1 0.6390625 0.28515625 0.1734375 0.0828125
1 0.92421875 0.30859375 0.1515625 0.12734375
1 0.8859375 0.1953125 0.13515625 0.08984375
1 0.38515625 0.11171875 0.178125 0.1390625
1 0.61171875 0.10625 0.14609375 0.078125
1 0.83125 0.021875 0.140625 0.04375
1 0.871875 0.08828125 0.1296875 0.103125
1 0.6359375 0.02578125 0.15078125 0.0515625
1 0.4109375 0.01328125 0.140625 0.0265625
1 0.1734375 0.02890625 0.1015625 0.05703125
1 0.1796875 0.09921875 0.1140625 0.075