1 0.95078125 0.72890625 0.0984375 0.11953125
1 0.903125 0.61875 0.10859375 0.09765625
1 0.87421875 0.48359375 0.1546875 0.1375
1 0.96796875 0.38359375 0.0640625 0.1015625
1 0.8125 0.30625 0.08203125 0.09765625
1 0.80078125 0.19375 0.159375 0.09609375
1 0.74296875 0.1015625 0.140625 0.07578125
1 0.5828125 0.2375 0.146875 0.09140625
1 0.55078125 0.1609375 0.0859375 0.09609375
1 0.6234375 0.3859375 0.12734375 0.09609375
1 0.64921875 0.478125 0.08359375 0.034375
1 0.6375 0.55 0.1125 0.05625
1 0.6984375 0.6375 0.1578125 0.1015625
1 0.68046875 0.75078125 0.115625 0.1171875
1 0.45859375 0.6203125 0.11796875 0.1203125
1 0.42578125 0.45390625 0.1203125 0.09140625
1 0.39609375 0.378125 0.11796875 0.07890625
1 0.34609375 0.15 0.1015625 0.08828125
1 0.1390625 0.1109375 0.1609375 0.0875
1 0.11328125 0.24140625 0.1015625 0.05625
1 0.12421875 0.3046875 0.10625 0.08828125
1 0.1546875 0.3703125 0.10078125 0.0796875
1 0.17734375 0.4640625 0.14375 0.11171875
1 0.353125 0.0921875 0.09453125 0.07734375
1 0.23046875 0.7046875 0.17421875 0.15
1 0.04609375 0.63203125 0.0921875 0.1953125
1 0.94453125 0.0796875 0.1109375 0.109375
1 0.95390625 0.18046875 0.09140625 0.08828125