1 0.421875 0.85703125 0.07265625 0.06953125
1 0.6640625 0.79140625 0.09609375 0.11328125
1 0.0359375 0.73046875 0.0640625 0.10859375
1 0.03203125 0.63515625 0.06328125 0.0984375
1 0.4125 0.63671875 0.0828125 0.103125
1 0.73046875 0.22734375 0.10390625 0.11171875
1 0.9234375 0.6609375 0.0609375 0.06953125
1 0.915625 0.47109375 0.084375 0.09375
1 0.3015625 0.6546875 0.109375 0.09921875
1 0.634375 0.55 0.09296875 0.08828125
1 0.94921875 0.15703125 0.06875 0.0953125
1 0.9078125 0.765625 0.08046875 0.06875
1 0.0859375 0.08828125 0.14140625 0.115625
1 0.10625 0.19453125 0.11171875 0.0703125
1 0.1453125 0.31875 0.12109375 0.12109375
1 0.134375 0.41953125 0.1171875 0.090625
1 0.15625 0.53671875 0.12265625 0.10859375
1 0.16328125 0.65546875 0.15546875 0.11015625
1 0.1359375 0.73671875 0.1390625 0.08515625
1 0.140625 0.84375 0.1078125 0.11171875
1 0.02421875 0.859375 0.040625 0.125
1 0.04921875 0.53984375 0.09140625 0.10625
1 0.0375 0.425 0.075 0.08984375
1 0.02265625 0.3078125 0.04453125 0.08046875
1 0.2203125 0.0734375 0.11796875 0.121875
1 0.2515625 0.225 0.115625 0.1671875
1 0.36328125 0.20390625 0.08046875 0.11875
1 0.340625 0.05 0.11484375 0.1
1 0.48125 0.128125 0.10703125 0.13359375
1 0.49453125 0.2546875 0.08359375 0.11015625
1 0.40546875 0.42421875 0.07265625 0.103125
1 0.51640625 0.496875 0.1109375 0.14296875
1 0.284375 0.77578125 0.10234375 0.09921875
1 0.52890625 0.83984375 0.1203125 0.1625
1 0.7828125 0.6328125 0.0984375 0.15
1 0.78203125 0.77734375 0.090625 0.11484375
1 0.7796875 0.42890625 0.090625 0.10546875
1 0.63203125 0.390625 0.10546875 0.10859375
1 0.81484375 0.05390625 0.11875 0.0828125
1 0.85546875 0.13984375 0.09375 0.08125
1 0.6234375 0.14375 0.059375 0.11328125
1 0.68828125 0.0515625 0.0921875 0.103125
1 0.60546875 0.25546875 0.0765625 0.128125
1 0.54375 0.6984375 0.0890625 0.11015625
1 0.65234375 0.68828125 0.0859375 0.1234375
1 0.90859375 0.35234375 0.07109375 0.13984375