2 0.565625 0.52109375 0.11875 0.0984375
2 0.09765625 0.7953125 0.14921875 0.08125
2 0.2515625 0.428125 0.10703125 0.07265625
2 0.68203125 0.76484375 0.121875 0.06875
2 0.46953125 0.37421875 0.1125 0.08203125
2 0.46875 0.84921875 0.15703125 0.096875
2 0.06328125 0.38359375 0.11015625 0.0546875
2 0.31640625 0.33125 0.13515625 0.0859375
2 0.7234375 0.60078125 0.09921875 0.08046875
2 0.03828125 0.18359375 0.0765625 0.0734375
2 0.8421875 0.65859375 0.115625 0.0625
2 0.97265625 0.01953125 0.0546875 0.03828125
2 0.67109375 0.36015625 0.128125 0.1234375
2 0.37421875 0.4953125 0.11171875 0.0890625
2 0.36015625 0.14296875 0.14296875 0.09921875
2 0.15390625 0.1234375 0.175 0.1125
2 0.13359375 0.31484375 0.078125 0.09765625
2 0.31328125 0.63671875 0.1859375 0.084375
2 0.44921875 0.9796875 0.125 0.03984375
2 0.84453125 0.91015625 0.18125 0.0890625
2 0.93828125 0.49609375 0.11015625 0.09296875
2 0.9015625 0.24609375 0.11015625 0.09453125
2 0.79375 0.090625 0.1234375 0.13359375
2 0.5421875 0.19375 0.1296875 0.10859375
2 0.0625 0.56953125 0.125 0.10390625