1 0.3703125 0.3625 0.10390625 0.08203125
1 0.75 0.38515625 0.0796875 0.08671875
1 0.91796875 0.31171875 0.07890625 0.078125
1 0.0484375 0.16015625 0.08671875 0.08984375
1 0.56953125 0.3078125 0.11171875 0.07734375
1 0.9453125 0.56328125 0.109375 0.08046875
1 0.9484375 0.65 0.10234375 0.09140625
1 0.94609375 0.81171875 0.10703125 0.06875
1 0.93671875 0.7421875 0.1265625 0.0765625
1 0.721875 0.80859375 0.103125 0.0859375
1 0.51875 0.77890625 0.1890625 0.10078125
1 0.74765625 0.725 0.15 0.065625
1 0.725 0.64453125 0.22890625 0.1015625
1 0.50859375 0.659375 0.08515625 0.078125
1 0.52734375 0.5546875 0.14453125 0.05390625
1 0.27421875 0.71484375 0.1984375 0.10078125
1 0.0609375 0.70625 0.109375 0.09921875
1 0.0828125 0.60625 0.15078125 0.08984375
1 0.2953125 0.54140625 0.209375 0.11640625
1 0.5484375 0.4484375 0.1296875 0.09765625
1 0.19296875 0.39453125 0.13203125 0.090625
1 0.19765625 0.2765625 0.11796875 0.0984375
1 0.040625 0.32265625 0.08125 0.09296875
1 0.18984375 0.146875 0.1609375 0.07734375
1 0.1890625 0.20234375 0.096875 0.07734375
1 0.36796875 0.16015625 0.12578125 0.07734375
1 0.34921875 0.2234375 0.10703125 0.05234375
1 0.55703125 0.17578125 0.103125 0.04296875
1 0.37734375 0.09765625 0.11015625 0.0453125
1 0.52734375 0.1296875 0.1390625 0.05390625
1 0.7234375 0.1328125 0.08515625 0.071875
1 0.5640625 0.2171875 0.07734375 0.04296875
1 0.7140625 0.221875 0.103125 0.04609375
1 0.72734375 0.27578125 0.08203125 0.02421875
1 0.76328125 0.3140625 0.11796875 0.0453125
1 0.91953125 0.38671875 0.0921875 0.05390625
1 0.909375 0.2421875 0.1734375 0.05
1 0.88203125 0.17109375 0.1046875 0.05546875
1 0.7390625 0.5359375 0.1046875 0.0734375
1 0.775 0.47265625 0.10234375 0.08359375