1 0.490625 0.728125 0.0859375 0.06875
1 0.6828125 0.65234375 0.08828125 0.0953125
1 0.09296875 0.68359375 0.12109375 0.09453125
1 0.27734375 0.740625 0.1015625 0.0703125
1 0.4921875 0.6453125 0.115625 0.08046875
1 0.44453125 0.46171875 0.1171875 0.1203125
1 0.9734375 0.88515625 0.053125 0.0703125
1 0.953125 0.8140625 0.09375 0.065625
1 0.86015625 0.83515625 0.0734375 0.0578125
1 0.84765625 0.7640625 0.11875 0.08515625
1 0.84296875 0.68984375 0.10390625 0.075
1 0.8578125 0.61875 0.09140625 0.078125
1 0.9109375 0.49765625 0.11015625 0.05703125
1 0.91484375 0.32578125 0.1703125 0.0796875
1 0.6734375 0.34921875 0.18515625 0.11328125
1 0.68671875 0.25234375 0.1640625 0.10390625
1 0.6890625 0.14921875 0.15390625 0.08046875
1 0.46171875 0.10390625 0.16484375 0.115625
1 0.2703125 0.11171875 0.1546875 0.12734375
1 0.4359375 0.228125 0.1265625 0.0609375
1 0.284375 0.21171875 0.090625 0.0703125
1 0.6578125 0.4921875 0.11796875 0.090625
1 0.6640625 0.5671875 0.1796875 0.0484375
1 0.46484375 0.5609375 0.1015625 0.0640625
1 0.51796875 0.83828125 0.11171875 0.09140625
1 0.309375 0.8265625 0.1328125 0.0859375
1 0.271875 0.65859375 0.11796875 0.07109375
1 0.25390625 0.5390625 0.09921875 0.05859375
1 0.2703125 0.4375 0.13671875 0.084375
1 0.23125 0.33828125 0.11875 0.1328125
1 0.0546875 0.1734375 0.109375 0.103125
1 0.0625 0.10546875 0.125 0.10234375
1 0.03203125 0.3015625 0.0640625 0.115625
1 0.0671875 0.4390625 0.13359375 0.1140625
1 0.0828125 0.5890625 0.13671875 0.07109375
1 0.11328125 0.765625 0.13984375 0.0578125
1 0.12734375 0.83203125 0.15625 0.05703125