1 0.209375 0.73515625 0.10078125 0.09765625
1 0.5375 0.81484375 0.07109375 0.07734375
1 0.10390625 0.73828125 0.07734375 0.10078125
1 0.28828125 0.21484375 0.06171875 0.06640625
1 0.46640625 0.25546875 0.07734375 0.09921875
1 0.2109375 0.6484375 0.09140625 0.0890625
1 0.54296875 0.90859375 0.08515625 0.10546875
1 0.38359375 0.22109375 0.0921875 0.0890625
1 0.1640625 0.35625 0.08203125 0.08828125
1 0.34375 0.484375 0.09609375 0.07421875
1 0.640625 0.80859375 0.0828125 0.096875
1 0.19140625 0.83125 0.0765625 0.0921875
1 0.68125 0.21796875 0.0921875 0.07734375
1 0.27265625 0.2890625 0.0703125 0.0828125
1 0.6375 0.8953125 0.08671875 0.09140625
1 0.56953125 0.26875 0.08984375 0.07890625
1 0.53984375 0.6140625 0.075 0.08515625
1 0.578125 0.34140625 0.08515625 0.09375
1 0.1140625 0.5375 0.08671875 0.09921875
1 0.02421875 0.81640625 0.0484375 0.09765625
1 0.134375 0.453125 0.09609375 0.1