1 0.10625 0.86171875 0.1046875 0.0859375
1 0.79140625 0.803125 0.12265625 0.11640625
1 0.62890625 0.69765625 0.17578125 0.1375
1 0.43828125 0.46640625 0.11875 0.10625
1 0.1265625 0.56484375 0.11953125 0.0765625
1 0.13828125 0.48828125 0.1 0.07734375
1 0.4625 0.39921875 0.103125 0.06171875
1 0.67890625 0.83984375 0.1046875 0.109375
1 0.59296875 0.54375 0.1890625 0.11171875
1 0.7859375 0.65 0.0796875 0.084375
1 0.3 0.3828125 0.1234375 0.0703125
1 0.025 0.31015625 0.05 0.09296875
1 0.73984375 0.1 0.08125 0.07109375
1 0.9703125 0.71875 0.059375 0.090625
1 0.28125 0.29765625 0.09375 0.0765625
1 0.9265625 0.2453125 0.146875 0.078125
1 0.1203125 0.6640625 0.1671875 0.10859375
1 0.43984375 0.825 0.18984375 0.11953125
1 0.95390625 0.59609375 0.0921875 0.1046875
1 0.5890625 0.25078125 0.10625 0.146875
1 0.290625 0.221875 0.17421875 0.090625
1 0.45078125 0.33828125 0.0765625 0.06796875
1 0.9171875 0.3890625 0.165625 0.09609375
1 0.05234375 0.15078125 0.1046875 0.14921875