1 0.43046875 0.76171875 0.1296875 0.09453125
1 0.27109375 0.40078125 0.0984375 0.10234375
1 0.42421875 0.43203125 0.08125 0.09765625
1 0.67890625 0.16875 0.0921875 0.10234375
1 0.9328125 0.14140625 0.10390625 0.10546875
1 0.95625 0.46796875 0.084375 0.109375
1 0.14921875 0.63359375 0.07421875 0.08984375
1 0.83515625 0.39921875 0.084375 0.07734375
1 0.28671875 0.1765625 0.0625 0.0734375
1 0.1578125 0.22890625 0.11171875 0.1140625
1 0.38984375 0.29375 0.0953125 0.0734375
1 0.41640625 0.2046875 0.05625 0.059375
1 0.56953125 0.27109375 0.08203125 0.09609375
1 0.66484375 0.25625 0.071875 0.071875
1 0.6859375 0.35 0.0890625 0.11015625
1 0.64375 0.45078125 0.10234375 0.05234375
1 0.56015625 0.50703125 0.10234375 0.11953125
1 0.7015625 0.56328125 0.071875 0.0640625
1 0.55546875 0.65 0.11796875 0.11640625
1 0.70859375 0.71484375 0.05390625 0.18515625
1 0.5640625 0.79453125 0.08984375 0.0890625
1 0.47890625 0.928125 0.1546875 0.13125
1 0.71171875 0.915625 0.1203125 0.14375
1 0.61875 0.94609375 0.05078125 0.0859375
1 0.8625 0.9328125 0.10546875 0.12421875
1 0.8640625 0.80234375 0.103125 0.134375
1 0.34921875 0.9328125 0.1 0.11484375
1 0.81953125 0.22265625 0.084375 0.19296875
1 0.9546875 0.35078125 0.090625 0.0671875
1 0.83515625 0.56328125 0.103125 0.2140625
1 0.97109375 0.60390625 0.0578125 0.1390625
1 0.5484375 0.39921875 0.05625 0.0578125
1 0.41171875 0.578125 0.08515625 0.059375
1 0.29921875 0.63515625 0.06953125 0.05390625
1 0.29296875 0.7203125 0.06484375 0.05546875
1 0.33125 0.51484375 0.10078125 0.071875
1 0.159375 0.36015625 0.078125 0.1328125
1 0.1578125 0.46875 0.10703125 0.04921875
1 0.06796875 0.19921875 0.09765625 0.0703125
1 0.0265625 0.29765625 0.05234375 0.08125
1 0.0515625 0.4390625 0.103125 0.10546875
1 0.05859375 0.665625 0.1171875 0.109375
1 0.1546875 0.7671875 0.08984375 0.0859375
1 0.0328125 0.82421875 0.05625 0.04765625
1 0.17109375 0.8890625 0.10234375 0.0875
1 0.03515625 0.565625 0.0453125 0.059375
1 0.02734375 0.9625 0.05390625 0.07421875
1 0.14453125 0.98828125 0.05625 0.0234375