1 0.89609375 0.71328125 0.10234375 0.1
1 0.13984375 0.6125 0.14375 0.09921875
1 0.625 0.75390625 0.134375 0.10859375
1 0.15625 0.45078125 0.15234375 0.08203125
1 0.35078125 0.1515625 0.10546875 0.065625
1 0.75390625 0.3125 0.1296875 0.08359375
1 0.36171875 0.26875 0.10859375 0.0734375
1 0.15625 0.70703125 0.1421875 0.0953125
1 0.6171875 0.6640625 0.10078125 0.05859375
1 0.6203125 0.41171875 0.11953125 0.06171875
1 0.8609375 0.61640625 0.19609375 0.1265625
1 0.82109375 0.5140625 0.19921875 0.115625
1 0.5921875 0.55546875 0.134375 0.1296875
1 0.79453125 0.24375 0.1515625 0.09609375
1 0.78671875 0.13828125 0.128125 0.14453125
1 0.6171875 0.09453125 0.184375 0.08828125
1 0.60078125 0.18671875 0.15390625 0.06953125
1 0.58515625 0.25625 0.13125 0.09609375
1 0.5671875 0.34140625 0.15703125 0.0828125
1 0.57265625 0.4609375 0.12890625 0.0890625
1 0.3671875 0.76484375 0.0890625 0.06953125
1 0.3609375 0.64453125 0.14453125 0.08515625
1 0.36015625 0.5546875 0.13203125 0.12421875
1 0.378125 0.465625 0.1828125 0.07421875
1 0.35546875 0.3984375 0.12890625 0.06796875
1 0.3484375 0.32421875 0.10546875 0.09609375
1 0.34375 0.0609375 0.125 0.11015625
1 0.1703125 0.03671875 0.121875 0.0734375
1 0.13828125 0.1125 0.121875 0.053125
1 0.09765625 0.17265625 0.1203125 0.053125
1 0.08671875 0.2328125 0.09453125 0.053125
1 0.08359375 0.2890625 0.1125 0.05703125
1 0.13203125 0.36015625 0.10078125 0.08515625
1 0.17109375 0.5140625 0.14296875 0.0875
1 0.796875 0.40234375 0.1109375 0.13671875
1 0.959375 0.15703125 0.08046875 0.1140625
1 0.97734375 0.2515625 0.04453125 0.125
1 0.975 0.38125 0.04921875 0.10625
1 0.98515625 0.5328125 0.02890625 0.0765625
1 0.0125 0.1234375 0.02421875 0.0515625