1 0.421875 0.55234375 0.1078125 0.07109375
1 0.50625 0.45 0.06875 0.075
1 0.9453125 0.18046875 0.08515625 0.05859375
1 0.45 0.7109375 0.10078125 0.08203125
1 0.42890625 0.62890625 0.1171875 0.078125
1 0.04453125 0.62890625 0.08359375 0.078125
1 0.41015625 0.46015625 0.11640625 0.08203125
1 0.64921875 0.6078125 0.11796875 0.07109375
1 0.978125 0.31171875 0.04296875 0.0640625
1 0.80703125 0.30703125 0.10703125 0.05625
1 0.11015625 0.2265625 0.12734375 0.0734375
1 0.03515625 0.703125 0.0703125 0.0828125
1 0.54296875 0.28828125 0.10390625 0.08515625
1 0.37890625 0.3953125 0.096875 0.08203125
1 0.8875 0.6625 0.09296875 0.08671875
1 0.1203125 0.2859375 0.15859375 0.0734375
1 0.75234375 0.6765625 0.12109375 0.078125
1 0.63671875 0.52421875 0.1109375 0.071875
1 0.51796875 0.12578125 0.13515625 0.0921875
1 0.28515625 0.70078125 0.07265625 0.059375
1 0.24140625 0.6421875 0.10859375 0.075
1 0.2234375 0.5609375 0.13125 0.08203125
1 0.1984375 0.4859375 0.09921875 0.06796875
1 0.1484375 0.41328125 0.128125 0.084375
1 0.128125 0.3453125 0.146875 0.05703125
1 0.10390625 0.13046875 0.13984375 0.1015625
1 0.32109375 0.1625 0.08359375 0.06796875
1 0.27421875 0.23125 0.0890625 0.0859375
1 0.3453125 0.2921875 0.12890625 0.08828125
1 0.625 0.42421875 0.1125 0.11796875
1 0.740625 0.14609375 0.15859375 0.096875
1 0.7765625 0.22890625 0.1125 0.09296875
1 0.8296875 0.378125 0.16875 0.1046875
1 0.8734375 0.51484375 0.1328125 0.109375
1 0.9671875 0.11875 0.065625 0.053125