1 0.53671875 0.89296875 0.2828125 0.1734375
1 0.29140625 0.85625 0.11953125 0.14375
1 0.1109375 0.80625 0.14453125 0.08515625
1 0.7296875 0.85234375 0.16328125 0.15390625
1 0.9359375 0.73828125 0.128125 0.17265625
1 0.9578125 0.8984375 0.084375 0.121875
1 0.9359375 0.55703125 0.128125 0.1734375
1 0.7421875 0.5515625 0.12578125 0.15625
1 0.528125 0.62109375 0.11171875 0.1390625
1 0.3125 0.6609375 0.11328125 0.1578125
1 0.7515625 0.334375 0.175 0.16796875
1 0.55625 0.284375 0.1375 0.1859375
1 0.39140625 0.2640625 0.11640625 0.14765625
1 0.05390625 0.22890625 0.1078125 0.15625