1 0.80625 0.234375 0.0671875 0.05859375
1 0.8140625 0.86484375 0.09921875 0.1234375
1 0.70390625 0.23203125 0.075 0.06953125
1 0.984375 0.39453125 0.03125 0.06484375
1 0.03515625 0.5015625 0.0703125 0.1015625
1 0.5859375 0.37578125 0.0890625 0.07578125
1 0.16640625 0.3453125 0.08515625 0.08671875
1 0.09453125 0.76796875 0.0921875 0.078125
1 0.56328125 0.946875 0.08203125 0.09765625
1 0.78984375 0.30546875 0.08125 0.0671875
1 0.903125 0.2625 0.084375 0.07890625
1 0.67265625 0.53359375 0.0859375 0.08984375
1 0.68671875 0.37421875 0.0984375 0.10078125
1 0.7828125 0.4375 0.0859375 0.0921875
1 0.4875 0.28046875 0.065625 0.07109375
1 0.09453125 0.215625 0.07109375 0.0609375
1 0.89375 0.33828125 0.06640625 0.05078125
1 0.91171875 0.3890625 0.07578125 0.07890625
1 0.9171875 0.45703125 0.06015625 0.07734375
1 0.9046875 0.56171875 0.0890625 0.0671875
1 0.89609375 0.7375 0.05546875 0.07265625
1 0.93671875 0.8203125 0.09140625 0.1171875
1 0.9375 0.921875 0.084375 0.1359375
1 0.79765625 0.74453125 0.1109375 0.13046875
1 0.7828125 0.61171875 0.09140625 0.1140625
1 0.78046875 0.52734375 0.090625 0.0890625
1 0.6625 0.7 0.10234375 0.16328125
1 0.6828125 0.82265625 0.09140625 0.10078125
1 0.68828125 0.9296875 0.134375 0.13046875
1 0.57109375 0.8078125 0.07890625 0.1203125
1 0.5671875 0.60078125 0.10234375 0.16171875
1 0.57734375 0.453125 0.05546875 0.06328125
1 0.59140625 0.29765625 0.06953125 0.0828125
1 0.59453125 0.2359375 0.0671875 0.05859375
1 0.48046875 0.20859375 0.090625 0.053125
1 0.4578125 0.36171875 0.05625 0.0609375
1 0.4546875 0.528125 0.1 0.1140625
1 0.4640625 0.44921875 0.08828125 0.07265625
1 0.45234375 0.621875 0.11796875 0.10625
1 0.4609375 0.72109375 0.08671875 0.0921875
1 0.4546875 0.92421875 0.08359375 0.13828125
1 0.3140625 0.921875 0.08671875 0.10703125
1 0.3265625 0.8390625 0.09375 0.09453125
1 0.3125 0.76484375 0.06796875 0.08515625
1 0.34375 0.68203125 0.08125 0.0859375
1 0.325 0.590625 0.04609375 0.07421875
1 0.32734375 0.49921875 0.0765625 0.08828125
1 0.3390625 0.41796875 0.06875 0.0890625
1 0.36171875 0.3328125 0.06484375 0.08984375
1 0.3703125 0.26875 0.0734375 0.0578125
1 0.28984375 0.209375 0.06640625 0.0703125
1 0.27265625 0.33125 0.071875 0.0875
1 0.25390625 0.4 0.06640625 0.0546875
1 0.246875 0.46484375 0.06796875 0.0625
1 0.2140625 0.6125 0.0921875 0.09296875
1 0.22890625 0.55078125 0.053125 0.04140625
1 0.190625 0.70234375 0.05390625 0.090625
1 0.1859375 0.81953125 0.07734375 0.071875
1 0.20390625 0.915625 0.0703125 0.103125
1 0.09765625 0.82421875 0.07734375 0.05078125
1 0.09765625 0.88515625 0.08828125 0.08671875
1 0.09609375 0.67890625 0.05546875 0.09765625
1 0.1140625 0.58828125 0.0609375 0.0875
1 0.11953125 0.49296875 0.06328125 0.09296875
1 0.14765625 0.415625 0.07578125 0.0890625
1 0.1734375 0.2671875 0.0703125 0.0921875
1 0.17734375 0.20703125 0.06640625 0.07421875
1 0.025 0.190625 0.04921875 0.07578125
1 0.08125 0.2765625 0.07578125 0.0859375
1 0.05546875 0.38671875 0.08515625 0.12421875
1 0.02421875 0.621875 0.0484375 0.146875