1 0.56015625 0.659375 0.08359375 0.06953125
1 0.14453125 0.66484375 0.1046875 0.08359375
1 0.353125 0.68359375 0.11640625 0.1125
1 0.7453125 0.7203125 0.15859375 0.09765625
1 0.5328125 0.2859375 0.10234375 0.08203125
1 0.70390625 0.62421875 0.16015625 0.08125
1 0.1171875 0.5671875 0.1515625 0.109375
1 0.1578125 0.75 0.1140625 0.096875
1 0.5140625 0.46875 0.146875 0.103125
1 0.9375 0.5890625 0.125 0.09453125
1 0.72734375 0.26328125 0.14140625 0.121875
1 0.734375 0.1796875 0.06015625 0.05703125
1 0.95 0.80078125 0.1 0.1296875
1 0.53359375 0.815625 0.15859375 0.09453125
1 0.334375 0.56328125 0.19921875 0.10546875
1 0.309375 0.459375 0.15 0.0890625
1 0.3234375 0.3828125 0.15 0.0671875
1 0.03671875 0.66171875 0.0734375 0.1359375
1 0.11015625 0.32890625 0.16953125 0.14453125
1 0.325 0.2609375 0.17109375 0.14453125
1 0.165625 0.11875 0.14140625 0.15078125
1 0.34765625 0.1234375 0.13984375 0.140625
1 0.54765625 0.11328125 0.17265625 0.13828125
1 0.753125 0.0796875 0.15703125 0.10234375
1 0.9234375 0.1703125 0.153125 0.10546875
1 0.92578125 0.3078125 0.14765625 0.11953125
1 0.721875 0.459375 0.12421875 0.1
1 0.89140625 0.4671875 0.15546875 0.115625
1 0.021875 0.13984375 0.04375 0.1546875
1 0.015625 0.33515625 0.03125 0.1671875
1 0.0234375 0.77109375 0.046875 0.1328125
1 0.515625 0.38125 0.09453125 0.11171875