1 0.13125 0.653125 0.10390625 0.10859375
1 0.5171875 0.36953125 0.11875 0.07578125
1 0.3203125 0.28125 0.140625 0.08203125
1 0.31484375 0.3796875 0.13515625 0.10703125
1 0.321875 0.459375 0.1359375 0.08671875
1 0.09765625 0.32109375 0.17265625 0.13515625
1 0.14609375 0.37421875 0.09765625 0.08828125
1 0.7390625 0.25625 0.09765625 0.10859375
1 0.8765625 0.61953125 0.1328125 0.08671875
1 0.14921875 0.7390625 0.11171875 0.08125
1 0.5390625 0.6453125 0.10546875 0.103125
1 0.5140625 0.2796875 0.1203125 0.1
1 0.48984375 0.46640625 0.12578125 0.075
1 0.10234375 0.50078125 0.196875 0.12421875
1 0.69765625 0.42890625 0.11875 0.15234375
1 0.91015625 0.42265625 0.103125 0.1046875
1 0.921875 0.31015625 0.0765625 0.1046875
1 0.69140625 0.546875 0.11015625 0.109375
1 0.8921875 0.5203125 0.1140625 0.07890625
1 0.51640625 0.5625 0.16875 0.090625
1 0.321875 0.56484375 0.1703125 0.1375
1 0.32109375 0.7078125 0.15078125 0.15625
1 0.54296875 0.74921875 0.16484375 0.121875
1 0.7453125 0.7453125 0.1046875 0.121875
1 0.91953125 0.72421875 0.1296875 0.15390625
1 0.94140625 0.87265625 0.11640625 0.08984375
1 0.73515625 0.86875 0.18671875 0.14140625
1 0.5359375 0.86796875 0.14765625 0.11796875
1 0.346875 0.915625 0.184375 0.1203125
1 0.334375 0.82578125 0.1921875 0.0921875
1 0.18359375 0.93046875 0.13828125 0.128125
1 0.015625 0.7234375 0.03046875 0.08828125
1 0.05390625 0.93359375 0.10703125 0.13203125