1 0.103125 0.85859375 0.11015625 0.090625
1 0.825 0.796875 0.12890625 0.12265625
1 0.65390625 0.68515625 0.18515625 0.14453125
1 0.453125 0.44140625 0.125 0.1125
1 0.12421875 0.5453125 0.12578125 0.08046875
1 0.13671875 0.4640625 0.10546875 0.08203125
1 0.47890625 0.3703125 0.10859375 0.06484375
1 0.70703125 0.83515625 0.11015625 0.11484375
1 0.61640625 0.52265625 0.19921875 0.11796875
1 0.81953125 0.63515625 0.084375 0.0890625
1 0.3078125 0.353125 0.13046875 0.07421875
1 0.021875 0.2765625 0.04375 0.0984375
1 0.77109375 0.0546875 0.08515625 0.075
1 0.99140625 0.70859375 0.01640625 0.0953125
1 0.2875 0.26328125 0.09921875 0.08125
1 0.9453125 0.20859375 0.109375 0.0828125
1 0.11796875 0.65 0.1765625 0.11484375
1 0.4546875 0.81953125 0.2 0.12578125
1 0.97421875 0.578125 0.05078125 0.1109375
1 0.6125 0.21328125 0.11171875 0.1546875
1 0.29765625 0.18359375 0.18359375 0.0953125
1 0.46640625 0.30625 0.08046875 0.071875
1 0.93515625 0.359375 0.1296875 0.10078125
1 0.05078125 0.10859375 0.10078125 0.1578125