1 0.6453125 0.753125 0.20078125 0.1046875
1 0.3609375 0.74609375 0.1109375 0.1140625
1 0.32109375 0.61796875 0.1234375 0.14296875
1 0.60859375 0.65546875 0.1203125 0.07734375
1 0.56015625 0.56328125 0.10078125 0.109375
1 0.51796875 0.490625 0.14453125 0.0703125
1 0.49921875 0.42890625 0.13046875 0.0453125
1 0.4796875 0.3734375 0.07890625 0.08203125
1 0.4015625 0.2671875 0.1140625 0.09375
1 0.40625 0.13359375 0.12578125 0.0953125
1 0.21640625 0.125 0.08515625 0.05703125
1 0.21640625 0.24375 0.15390625 0.12890625
1 0.25234375 0.34375 0.08359375 0.06953125
1 0.26484375 0.41953125 0.1140625 0.09375
1 0.10078125 0.684375 0.11015625 0.09140625
1 0.06484375 0.53359375 0.1296875 0.11875
1 0.0796875 0.4203125 0.12734375 0.11328125
1 0.0734375 0.3359375 0.1265625 0.053125
1 0.028125 0.25859375 0.05546875 0.05859375
1 0.0390625 0.18203125 0.07734375 0.06796875
1 0.0421875 0.121875 0.084375 0.0578125
1 0.64921875 0.15078125 0.11796875 0.0984375
1 0.63984375 0.24765625 0.071875 0.0796875
1 0.6734375 0.3015625 0.0828125 0.059375
1 0.67109375 0.38203125 0.1125 0.1125
1 0.7625 0.45234375 0.06484375 0.07109375
1 0.75546875 0.52109375 0.0875 0.08359375
1 0.80703125 0.59609375 0.0984375 0.06796875
1 0.85 0.66171875 0.0984375 0.0578125
1 0.8671875 0.7328125 0.09609375 0.06875
1 0.88515625 0.8046875 0.0875 0.06484375
1 0.96953125 0.51328125 0.0609375 0.07890625
1 0.93984375 0.42734375 0.10390625 0.05078125
1 0.940625 0.35 0.1078125 0.07421875
1 0.86328125 0.184375 0.11796875 0.06484375
1 0.91640625 0.2796875 0.09453125 0.0625