1 0.57421875 0.1390625 0.0734375 0.07109375
1 0.3265625 0.20703125 0.0984375 0.115625
1 0.9671875 0.26953125 0.06484375 0.1109375
1 0.96953125 0.36640625 0.0609375 0.10078125
1 0.5828125 0.3640625 0.084375 0.10546875
1 0.25859375 0.78203125 0.10625 0.1140625
1 0.0609375 0.33984375 0.06171875 0.07109375
1 0.06953125 0.534375 0.0859375 0.0953125
1 0.696875 0.34609375 0.11171875 0.10078125
1 0.35703125 0.45390625 0.09453125 0.08984375
1 0.03515625 0.8546875 0.0703125 0.096875
1 0.07734375 0.2328125 0.08203125 0.0703125
1 0.91640625 0.92421875 0.14453125 0.11796875
1 0.89609375 0.81640625 0.1140625 0.071875
1 0.85625 0.6890625 0.1234375 0.1234375
1 0.86640625 0.58671875 0.11953125 0.0921875
1 0.84453125 0.46640625 0.125 0.1109375
1 0.8375 0.34609375 0.15859375 0.1125
1 0.865625 0.2625 0.14140625 0.08671875
1 0.86015625 0.153125 0.11015625 0.1140625
1 0.97890625 0.1375 0.04140625 0.12734375
1 0.95390625 0.4640625 0.0921875 0.10859375
1 0.9640625 0.58203125 0.071875 0.0921875
1 0.9796875 0.7015625 0.040625 0.08125
1 0.77890625 0.9390625 0.12109375 0.121875
1 0.74765625 0.78515625 0.11875 0.1703125
1 0.63359375 0.80703125 0.08203125 0.121875
1 0.65703125 0.95625 0.1171875 0.08671875
1 0.51328125 0.88359375 0.109375 0.1359375
1 0.49921875 0.7546875 0.08515625 0.1125
1 0.58984375 0.58125 0.07421875 0.10546875
1 0.4765625 0.5078125 0.11328125 0.1453125
1 0.7140625 0.22265625 0.1046875 0.1015625
1 0.4640625 0.15703125 0.12265625 0.165625
1 0.2046875 0.36875 0.1 0.153125
1 0.20546875 0.22109375 0.09296875 0.11796875
1 0.2078125 0.57734375 0.09296875 0.1078125
1 0.359375 0.61640625 0.10703125 0.1109375
1 0.171875 0.95859375 0.12109375 0.08203125
1 0.13125 0.871875 0.0953125 0.08359375
1 0.36796875 0.86796875 0.06015625 0.11640625
1 0.30078125 0.9546875 0.09453125 0.090625
1 0.3859375 0.75390625 0.07890625 0.13046875
1 0.4484375 0.3015625 0.090625 0.1125
1 0.33828125 0.3125 0.08828125 0.1265625
1 0.0765625 0.65546875 0.07265625 0.1421875