2 0.4359375 0.48125 0.1078125 0.0890625
2 0.86015625 0.7296875 0.13515625 0.07421875
2 0.7203125 0.396875 0.096875 0.065625
2 0.33046875 0.70234375 0.11015625 0.06171875
2 0.52265625 0.3484375 0.10234375 0.07421875
2 0.5234375 0.778125 0.1421875 0.08828125
2 0.890625 0.35703125 0.09921875 0.04921875
2 0.66171875 0.309375 0.12265625 0.078125
2 0.29375 0.55390625 0.08984375 0.0734375
2 0.93125 0.1765625 0.103125 0.0671875
2 0.1859375 0.60625 0.1046875 0.05625
2 0.04609375 0.02265625 0.09140625 0.04453125
2 0.340625 0.33515625 0.115625 0.11171875
2 0.609375 0.45859375 0.10078125 0.08046875
2 0.621875 0.1390625 0.12890625 0.08984375
2 0.80859375 0.12109375 0.15859375 0.1015625
2 0.82734375 0.29453125 0.0703125 0.08828125
2 0.66484375 0.5859375 0.16796875 0.0765625
2 0.365625 0.9546875 0.11328125 0.090625
2 0.54140625 0.9203125 0.11328125 0.0828125
2 0.18359375 0.83359375 0.1640625 0.08125
2 0.0984375 0.45859375 0.1 0.08359375
2 0.13203125 0.2328125 0.1 0.08515625
2 0.2296875 0.09140625 0.11171875 0.12109375
2 0.4578125 0.184375 0.1171875 0.0984375
2 0.9171875 0.525 0.165625 0.09453125