2 0.24453125 0.1859375 0.1 0.0671875
2 0.64375 0.53046875 0.1453125 0.1
2 0.87265625 0.7921875 0.121875 0.078125
2 0.290625 0.4359375 0.1109375 0.07890625
2 0.25546875 0.3078125 0.09375 0.06875
2 0.046875 0.5765625 0.0765625 0.04609375
2 0.71171875 0.10234375 0.0953125 0.06328125
2 0.6734375 0.69140625 0.11953125 0.09140625
2 0.909375 0.55625 0.10078125 0.0703125
2 0.325 0.73515625 0.159375 0.0875
2 0.25234375 0.94296875 0.10078125 0.0578125
2 0.09296875 0.21171875 0.09921875 0.0671875
2 0.73515625 0.23515625 0.1328125 0.09140625
2 0.38203125 0.8828125 0.1484375 0.14140625
2 0.58125 0.884375 0.1328125 0.0703125
2 0.76953125 0.871875 0.1140625 0.11171875
2 0.52890625 0.72578125 0.1390625 0.09140625
2 0.46953125 0.55078125 0.140625 0.128125
2 0.16796875 0.496875 0.146875 0.08359375
2 0.3109375 0.57421875 0.1109375 0.12109375
2 0.4234375 0.37265625 0.1203125 0.075
2 0.5875 0.38671875 0.1359375 0.084375
2 0.8015625 0.5125 0.08984375 0.08828125
2 0.8734375 0.66015625 0.10078125 0.10234375
2 0.3890625 0.275 0.09296875 0.125
2 0.921875 0.2421875 0.08046875 0.11328125
2 0.55546875 0.10625 0.08984375 0.11796875
2 0.396875 0.11015625 0.128125 0.10546875
2 0.1046875 0.0859375 0.146875 0.075
2 0.759375 0.3671875 0.09140625 0.0609375
2 0.84609375 0.0703125 0.09296875 0.0953125