2 0.33359375 0.54609375 0.10078125 0.065625
2 0.79375 0.11328125 0.08671875 0.071875
2 0.77890625 0.565625 0.10078125 0.06640625
2 0.878125 0.22890625 0.109375 0.09375
2 0.33515625 0.65546875 0.09453125 0.07890625
2 0.3484375 0.09296875 0.10390625 0.08046875
2 0.96953125 0.53203125 0.0609375 0.0703125
2 0.0546875 0.50703125 0.090625 0.071875
2 0.08359375 0.32578125 0.1140625 0.103125
2 0.30625 0.33515625 0.109375 0.06875
2 0.41875 0.38046875 0.084375 0.075
2 0.11484375 0.171875 0.14296875 0.08125
2 0.29140625 0.2140625 0.0890625 0.11015625
2 0.43359375 0.240625 0.07578125 0.06875
2 0.55859375 0.25234375 0.09609375 0.0890625
2 0.7265625 0.22109375 0.08203125 0.08515625
2 0.4859375 0.0828125 0.13125 0.1296875
2 0.1734375 0.040625 0.12265625 0.08125
2 0.634375 0.0859375 0.12734375 0.0890625
2 0.93828125 0.0984375 0.12265625 0.10234375
2 0.77890625 0.63125 0.13203125 0.078125
2 0.1875 0.69609375 0.1140625 0.0875
2 0.04375 0.64765625 0.0875 0.09453125
2 0.146875 0.82265625 0.12734375 0.08671875
2 0.16953125 0.95078125 0.16875 0.0984375
2 0.621875 0.8203125 0.1 0.11484375
2 0.78828125 0.7890625 0.13203125 0.0828125
2 0.92578125 0.81640625 0.08515625 0.090625
2 0.8171875 0.92265625 0.10859375 0.12734375
2 0.95234375 0.93671875 0.0640625 0.08515625
2 0.51484375 0.9640625 0.146875 0.07109375
2 0.47890625 0.840625 0.0890625 0.10546875
2 0.3578125 0.95390625 0.115625 0.07578125
2 0.89609375 0.37890625 0.1 0.07890625