1 0.53046875 0.2140625 0.0890625 0.0796875
1 0.26171875 0.09375 0.09921875 0.08828125
1 0.4265625 0.20859375 0.0640625 0.0765625
1 0.0390625 0.715625 0.078125 0.1078125
1 0.52421875 0.31953125 0.0703125 0.06875
1 0.26875 0.1984375 0.09375 0.09140625
1 0.16328125 0.284375 0.09765625 0.0765625
1 0.421875 0.734375 0.1015625 0.1015625
1 0.94296875 0.6578125 0.09375 0.08359375
1 0.63125 0.0359375 0.14375 0.071875
1 0.93125 0.7453125 0.05546875 0.08515625
1 0.796875 0.44765625 0.06875 0.08125
1 0.13984375 0.16171875 0.08203125 0.0859375
1 0.8125 0.63203125 0.0828125 0.06796875
1 0.17109375 0.71875 0.1078125 0.13203125
1 0.30859375 0.62890625 0.1015625 0.09296875
1 0.28984375 0.73203125 0.0671875 0.10625
1 0.04140625 0.59453125 0.0796875 0.15546875
1 0.1703125 0.58359375 0.115625 0.11953125
1 0.03671875 0.47890625 0.0734375 0.0875
1 0.16640625 0.48125 0.08984375 0.0890625
1 0.04609375 0.36640625 0.0890625 0.14375
1 0.159375 0.359375 0.11640625 0.0875
1 0.028125 0.15625 0.0484375 0.1140625
1 0.01640625 0.0484375 0.0328125 0.096875
1 0.11328125 0.0515625 0.0765625 0.09375
1 0.2984375 0.32734375 0.090625 0.10625
1 0.3015625 0.41640625 0.08359375 0.109375
1 0.31484375 0.5203125 0.06328125 0.1234375
1 0.43671875 0.54296875 0.0765625 0.1359375
1 0.425 0.3234375 0.1109375 0.13671875
1 0.4328125 0.446875 0.08046875 0.071875
1 0.3875 0.09296875 0.10546875 0.134375
1 0.4859375 0.0265625 0.08359375 0.05234375
1 0.55859375 0.434375 0.0890625 0.13984375
1 0.5609375 0.59296875 0.10546875 0.10703125
1 0.53359375 0.7015625 0.1046875 0.13671875
1 0.678125 0.73515625 0.11171875 0.1234375
1 0.678125 0.62421875 0.11171875 0.09921875
1 0.67734375 0.5140625 0.06484375 0.0796875
1 0.6640625 0.25 0.10625 0.1140625
1 0.6796875 0.39453125 0.0765625 0.17421875
1 0.628125 0.1203125 0.12578125 0.0921875
1 0.78125 0.12890625 0.1046875 0.14140625
1 0.79375 0.24765625 0.09296875 0.11328125
1 0.87734375 0.04296875 0.0671875 0.0859375
1 0.90625 0.1578125 0.1078125 0.103125
1 0.90703125 0.26796875 0.0890625 0.09375
1 0.92734375 0.465625 0.11640625 0.11796875
1 0.96171875 0.05859375 0.0765625 0.1171875