1 0.43828125 0.37109375 0.10703125 0.1203125
1 0.3984375 0.76875 0.09375 0.11953125
1 0.32890625 0.16875 0.08671875 0.075
1 0.7625 0.89609375 0.11953125 0.10390625
1 0.18203125 0.21171875 0.09921875 0.08359375
1 0.596875 0.40390625 0.115625 0.103125
1 0.56484375 0.46484375 0.0984375 0.08828125
1 0.77890625 0.16015625 0.0703125 0.05390625
1 0.36875 0.98671875 0.10703125 0.0265625
1 0.73125 0.815625 0.0828125 0.06015625
1 0.98359375 0.15234375 0.0328125 0.0828125
1 0.60390625 0.24453125 0.05625 0.06953125
1 0.1875 0.92421875 0.12734375 0.1515625
1 0.04296875 0.86171875 0.0859375 0.1421875
1 0.109375 0.51875 0.1015625 0.18984375
1 0.57421875 0.8359375 0.12890625 0.16640625
1 0.590625 0.615625 0.0890625 0.1234375
1 0.734375 0.6046875 0.0859375 0.09609375
1 0.7671875 0.47265625 0.05859375 0.12109375
1 0.74140625 0.31640625 0.07578125 0.1328125
1 0.61640625 0.13515625 0.06171875 0.084375
1 0.478125 0.1703125 0.071875 0.09609375
1 0.29765625 0.3203125 0.065625 0.0984375
1 0.27578125 0.50625 0.07578125 0.1640625
1 0.26171875 0.7046875 0.05859375 0.109375
1 0.046875 0.23984375 0.09296875 0.16640625
1 0.90390625 0.25390625 0.11171875 0.134375
1 0.9390625 0.43203125 0.09609375 0.1484375
1 0.93359375 0.6890625 0.1328125 0.14140625
1 0.92265625 0.57578125 0.12890625 0.11171875
1 0.9578125 0.82421875 0.084375 0.18046875
1 0.76484375 0.97734375 0.1359375 0.0453125
1 0.44765625 0.52890625 0.134375 0.128125
1 0.05859375 0.6203125 0.07890625 0.13671875