0 0.82265625 0.215625 0.3546875 0.32578125
0 0.45 0.18515625 0.33359375 0.34609375
0 0.10546875 0.13671875 0.2109375 0.2734375
0 0.07421875 0.45625 0.1484375 0.409375
0 0.33125 0.5015625 0.34609375 0.34609375
0 0.6875 0.57890625 0.29453125 0.40078125
0 0.92890625 0.6046875 0.14140625 0.33984375
0 0.64296875 0.86015625 0.3796875 0.2796875
0 0.2984375 0.79453125 0.31328125 0.4109375
0 0.04375 0.8265625 0.08671875 0.3078125
0 0.2953125 0.02734375 0.003125 0.0546875
0 0.29765625 0.03671875 0.009375 0.04765625