1 0.92890625 0.68125 0.09453125 0.09609375
1 0.91796875 0.49453125 0.1203125 0.096875
1 0.9046875 0.403125 0.10703125 0.0984375
1 0.234375 0.7421875 0.16484375 0.0953125
1 0.2984375 0.284375 0.065625 0.06015625
1 0.0609375 0.68359375 0.121875 0.0953125
1 0.07421875 0.578125 0.10546875 0.08515625
1 0.22421875 0.890625 0.125 0.10546875
1 0.4125 0.7125 0.14921875 0.12421875
1 0.03515625 0.36171875 0.06953125 0.08359375
1 0.76953125 0.16171875 0.12578125 0.0859375
1 0.44140625 0.43984375 0.12109375 0.0875
1 0.04375 0.8765625 0.0875 0.13359375
1 0.803125 0.56015625 0.13671875 0.0765625
1 0.5984375 0.5453125 0.1453125 0.10859375
1 0.59609375 0.1359375 0.11640625 0.05703125
1 0.6171875 0.88125 0.19375 0.11015625
1 0.8125 0.86015625 0.20078125 0.10390625
1 0.79453125 0.7578125 0.14609375 0.090625
1 0.79375 0.64765625 0.1796875 0.0953125
1 0.2515625 0.57421875 0.203125 0.09921875