1 0.4296875 0.64765625 0.1140625 0.08515625
1 0.87734375 0.175 0.128125 0.07734375
1 0.33984375 0.26640625 0.13515625 0.078125
1 0.1640625 0.6046875 0.09375 0.06015625
1 0.16171875 0.690625 0.1390625 0.0953125
1 0.02265625 0.4078125 0.0453125 0.10625
1 0.66875 0.5921875 0.1296875 0.08203125
1 0.86796875 0.26328125 0.128125 0.0734375
1 0.9375 0.83125 0.125 0.10859375
1 0.9328125 0.6796875 0.0984375 0.1046875
1 0.925 0.56171875 0.08125 0.06640625
1 0.9046875 0.4515625 0.109375 0.11640625
1 0.8640625 0.359375 0.078125 0.08359375
1 0.6484375 0.15546875 0.16875 0.128125
1 0.63671875 0.27578125 0.14375 0.10078125
1 0.60625 0.36875 0.159375 0.0953125
1 0.6328125 0.478125 0.18359375 0.08359375
1 0.69140625 0.68203125 0.1765625 0.10078125
1 0.69765625 0.77265625 0.1234375 0.0703125
1 0.4453125 0.7265625 0.1046875 0.05546875
1 0.3921875 0.55859375 0.15859375 0.11875
1 0.390625 0.46484375 0.22421875 0.09375
1 0.36015625 0.35703125 0.16171875 0.09765625
1 0.36875 0.19140625 0.16640625 0.08046875
1 0.384375 0.0953125 0.1515625 0.10390625
1 0.21796875 0.0578125 0.1359375 0.1
1 0.18359375 0.1375 0.12734375 0.05703125
1 0.16328125 0.21484375 0.15078125 0.08515625
1 0.153125 0.28671875 0.14140625 0.07109375
1 0.1859375 0.35546875 0.12421875 0.0703125
1 0.15078125 0.4125 0.09375 0.07109375
1 0.153125 0.509375 0.1328125 0.10390625
1 0.0140625 0.03671875 0.028125 0.0734375
1 0.0046875 0.1046875 0.009375 0.0578125