1 0.1484375 0.3625 0.09453125 0.08515625
1 0.8296875 0.32734375 0.09140625 0.0953125
1 0.8390625 0.42109375 0.09375 0.09609375
1 0.2671875 0.6546875 0.0875 0.10625
1 0.496875 0.175 0.06875 0.05625
1 0.5125 0.41796875 0.08046875 0.0796875
1 0.05859375 0.4671875 0.0921875 0.0875
1 0.14609375 0.2078125 0.071875 0.075
1 0.9609375 0.5171875 0.078125 0.1
1 0.25625 0.1109375 0.08046875 0.0859375
1 0.4984375 0.23828125 0.096875 0.084375
1 0.621875 0.453125 0.0953125 0.09375
1 0.840625 0.7296875 0.096875 0.09140625
1 0.6 0.34609375 0.08046875 0.07890625
1 0.503125 0.32578125 0.06328125 0.0859375
1 0.7125 0.18046875 0.0765625 0.0765625
1 0.60078125 0.2625 0.06953125 0.0734375
1 0.86171875 0.53046875 0.11484375 0.11953125
1 0.271875 0.340625 0.0875 0.0765625
1 0.85703125 0.6296875 0.08203125 0.08125
1 0.95625 0.421875 0.06875 0.0828125
1 0.9359375 0.31875 0.04921875 0.09609375
1 0.934375 0.24921875 0.06796875 0.08359375
1 0.8984375 0.20625 0.00078125 0.0046875
1 0.89921875 0.17890625 0.04765625 0.0484375
1 0.82578125 0.24921875 0.04375 0.06875
1 0.85 0.82421875 0.0859375 0.1015625
1 0.85078125 0.94453125 0.1140625 0.1109375
1 0.9640625 0.8625 0.071875 0.13671875
1 0.95 0.9546875 0.1 0.0875
1 0.73046875 0.96171875 0.0390625 0.04453125
1 0.728125 0.85703125 0.065625 0.11484375
1 0.7328125 0.7734375 0.10703125 0.13984375
1 0.734375 0.67109375 0.04453125 0.0640625
1 0.7453125 0.5640625 0.0578125 0.0671875
1 0.715625 0.47421875 0.0578125 0.05078125
1 0.725 0.4046875 0.05859375 0.0859375
1 0.715625 0.33125 0.0578125 0.04296875
1 0.70546875 0.25859375 0.04765625 0.05078125
1 0.60703125 0.16875 0.05703125 0.05078125
1 0.62109375 0.53515625 0.10703125 0.0734375
1 0.61640625 0.6234375 0.090625 0.103125
1 0.5234375 0.63515625 0.075 0.078125
1 0.5171875 0.509375 0.08125 0.1046875
1 0.5203125 0.85859375 0.0453125 0.08203125
1 0.4984375 0.94765625 0.075 0.10390625
1 0.61796875 0.953125 0.0796875 0.09296875
1 0.6140625 0.85625 0.11015625 0.0953125
1 0.625 0.75625 0.071875 0.07109375
1 0.38671875 0.28984375 0.11171875 0.0828125
1 0.39921875 0.36484375 0.040625 0.05703125
1 0.40703125 0.44296875 0.0953125 0.090625
1 0.39375 0.53828125 0.1 0.1453125
1 0.38515625 0.65625 0.10546875 0.15
1 0.3609375 0.75859375 0.08515625 0.1140625
1 0.35234375 0.86171875 0.08203125 0.09765625
1 0.35625 0.9421875 0.09140625 0.084375
1 0.22421875 0.87578125 0.14140625 0.17109375
1 0.075 0.89921875 0.0921875 0.15078125
1 0.11875 0.77265625 0.10078125 0.1296875
1 0.0390625 0.7359375 0.078125 0.109375
1 0.2375 0.75 0.08359375 0.090625
1 0.14921875 0.540625 0.07265625 0.0796875
1 0.284375 0.51640625 0.08671875 0.11484375
1 0.29140625 0.425 0.0921875 0.09453125
1 0.059375 0.37109375 0.0828125 0.07578125
1 0.0609375 0.28828125 0.0734375 0.09375
1 0.0671875 0.2125 0.08515625 0.08984375
1 0.26484375 0.2328125 0.0625 0.11875