2 0.89375 0.44453125 0.0921875 0.05625
2 0.2703125 0.14453125 0.1109375 0.07890625
2 0.521875 0.73828125 0.10078125 0.09375
2 0.08671875 0.44765625 0.08984375 0.06015625
2 0.06640625 0.74921875 0.10859375 0.06953125
2 0.740625 0.43125 0.12578125 0.1171875
2 0.7015625 0.709375 0.11796875 0.0875
2 0.46328125 0.31328125 0.10546875 0.1234375
2 0.2328125 0.25546875 0.1578125 0.1265625
2 0.79453125 0.1609375 0.10546875 0.12421875
2 0.9453125 0.19921875 0.10859375 0.0984375
2 0.22734375 0.57890625 0.11171875 0.10859375
2 0.0890625 0.56640625 0.12578125 0.10625
2 0.2609375 0.41796875 0.146875 0.10390625
2 0.55859375 0.45625 0.12421875 0.12421875
2 0.85859375 0.58046875 0.08046875 0.11796875
2 0.53984375 0.578125 0.0890625 0.10390625
2 0.7 0.61328125 0.16640625 0.0875
2 0.375 0.5921875 0.10703125 0.08203125
2 0.3578125 0.89921875 0.1890625 0.09765625
2 0.671875 0.878125 0.09453125 0.10859375
2 0.81640625 0.85625 0.12109375 0.14140625
2 0.06953125 0.8578125 0.128125 0.12109375
2 0.23359375 0.73984375 0.159375 0.0921875
2 0.19375 0.90078125 0.103125 0.10546875
2 0.371875 0.74921875 0.08046875 0.0875
2 0.43203125 0.44453125 0.1203125 0.10546875
2 0.9703125 0.72265625 0.059375 0.07421875
2 0.5453125 0.1875 0.13125 0.11796875
2 0.69609375 0.21328125 0.075 0.1171875
2 0.7875 0.29453125 0.1359375 0.0765625