1 0.49609375 0.825 0.08984375 0.096875
1 0.03515625 0.93125 0.0703125 0.09296875
1 0.21796875 0.57578125 0.1078125 0.0796875
1 0.67734375 0.47265625 0.090625 0.09765625
1 0.23515625 0.240625 0.096875 0.078125
1 0.33671875 0.69453125 0.10625 0.06484375
1 0.33515625 0.57421875 0.075 0.0671875
1 0.303125 0.471875 0.08984375 0.08515625
1 0.6828125 0.6 0.10234375 0.0734375
1 0.0671875 0.26953125 0.09609375 0.090625
1 0.59453125 0.82421875 0.1 0.1046875
1 0.23828125 0.92578125 0.0890625 0.0953125
1 0.2109375 0.47265625 0.10546875 0.09296875
1 0.390625 0.81875 0.09765625 0.08046875
1 0.225 0.15 0.084375 0.0703125
1 0.7875 0.3609375 0.0828125 0.09296875
1 0.61484375 0.03203125 0.09609375 0.0640625
1 0.4125 0.24140625 0.12421875 0.1109375
1 0.0640625 0.98828125 0.08984375 0.0234375
1 0.59921875 0.35625 0.06328125 0.08515625
1 0.58515625 0.5921875 0.09140625 0.11171875
1 0.6984375 0.23203125 0.10859375 0.09140625
1 0.5859375 0.93046875 0.078125 0.06328125
1 0.49140625 0.46875 0.10234375 0.08359375
1 0.34296875 0.36171875 0.10625 0.084375
1 0.59375 0.2375 0.1 0.08046875
1 0.39609375 0.47734375 0.08125 0.07734375
1 0.153125 0.0484375 0.12109375 0.096875
1 0.76640625 0.86328125 0.08125 0.0890625
1 0.5125 0.35234375 0.09765625 0.08125
1 0.421875 0.6890625 0.0578125 0.071875
1 0.78046875 0.50625 0.10859375 0.09453125
1 0.04140625 0.5875 0.071875 0.06875
1 0.78515625 0.14765625 0.053125 0.07109375
1 0.78046875 0.62734375 0.06640625 0.0453125
1 0.04921875 0.371875 0.09375 0.0828125
1 0.69296875 0.12890625 0.09765625 0.11875
1 0.578125 0.475 0.07421875 0.07265625
1 0.15078125 0.68203125 0.1328125 0.1078125
1 0.4359375 0.34375 0.05625 0.0578125
1 0.68359375 0.84296875 0.07578125 0.07265625
1 0.503125 0.7171875 0.10625 0.0828125
1 0.2015625 0.8109375 0.09453125 0.1109375
1 0.29921875 0.98984375 0.0796875 0.0203125
1 0.28984375 0.80703125 0.08671875 0.09296875
1 0.484375 0.5921875 0.11640625 0.07421875
1 0.02109375 0.71015625 0.0421875 0.07578125
1 0.16875 0.584375 0.09765625 0.06640625
1 0.15234375 0.253125 0.04921875 0.06796875
1 0.50234375 0.11171875 0.1265625 0.1203125
1 0.0375 0.8265625 0.075 0.09609375
1 0.7921875 0.2484375 0.0703125 0.05546875
1 0.63828125 0.72421875 0.13203125 0.07578125
1 0.3390625 0.1296875 0.14609375 0.0640625
1 0.07890625 0.16953125 0.1359375 0.059375
1 0.04375 0.49140625 0.0875 0.0890625
1 0.18515625 0.36640625 0.10546875 0.0640625
1 0.19765625 0.990625 0.1328125 0.01875
1 0.3890625 0.91953125 0.16796875 0.0546875
1 0.7375 0.9625 0.0609375 0.04375
1 0.3359375 0.0328125 0.0734375 0.065625
1 0.4359375 0.02578125 0.1265625 0.05078125
1 0.546875 0.02265625 0.0625 0.0453125
1 0.7703125 0.03671875 0.16796875 0.0734375