0 0.20390625 0.86171875 0.40703125 0.2765625
0 0.54375 0.90703125 0.32734375 0.1859375
0 0.85546875 0.884375 0.2890625 0.23125
0 0.6109375 0.69921875 0.35390625 0.29921875
0 0.21875 0.5734375 0.42421875 0.2890625
0 0.23828125 0.34609375 0.28359375 0.25625
0 0.87890625 0.63671875 0.2421875 0.24921875
0 0.85859375 0.3671875 0.28203125 0.29921875
0 0.53046875 0.38125 0.29375 0.24609375
0 0.08984375 0.1015625 0.1796875 0.20234375
0 0.378125 0.08984375 0.240625 0.1796875
0 0.61953125 0.1 0.2703125 0.2
0 0.8640625 0.1015625 0.271875 0.20234375