0 0.2 0.303125 0.265625 0.41953125
0 0.55234375 0.07890625 0.18125 0.1578125
0 0.47421875 0.3625 0.25625 0.42734375
0 0.73203125 0.41875 0.259375 0.38828125
0 0.78828125 0.1078125 0.18828125 0.215625
0 0.8578125 0.9265625 0.203125 0.146875
0 0.69765625 0.70234375 0.2921875 0.45859375
0 0.92890625 0.44921875 0.1421875 0.28984375
0 0.96640625 0.19453125 0.0671875 0.22578125
0 0.44140625 0.71640625 0.21796875 0.28671875
0 0.38046875 0.928125 0.22265625 0.14296875
0 0.65234375 0.93828125 0.2515625 0.1234375