2 0.43203125 0.459375 0.10546875 0.06171875
2 0.59140625 0.19609375 0.09921875 0.06640625
2 0.959375 0.78515625 0.08046875 0.0734375
2 0.2046875 0.396875 0.1078125 0.08984375
2 0.70859375 0.6328125 0.1546875 0.06015625
2 0.796875 0.1890625 0.10546875 0.0734375
2 0.2375 0.50390625 0.109375 0.078125
2 0.484375 0.6609375 0.125 0.0828125
2 0.3265625 0.77890625 0.11953125 0.07265625
2 0.6234375 0.3140625 0.09375 0.0703125
2 0.578125 0.11953125 0.11015625 0.07890625
2 0.24453125 0.7828125 0.0796875 0.0625
2 0.4 0.13828125 0.08359375 0.059375
2 0.9828125 0.6375 0.034375 0.0484375
2 0.32421875 0.95234375 0.0734375 0.0609375
2 0.8796875 0.403125 0.11953125 0.06796875
2 0.4234375 0.35078125 0.1015625 0.0859375
2 0.05234375 0.7296875 0.1046875 0.0703125
2 0.70703125 0.7 0.1015625 0.071875
2 0.83359375 0.2796875 0.0828125 0.05
2 0.76953125 0.1171875 0.09453125 0.05625
2 0.06015625 0.9296875 0.09296875 0.078125
2 0.2359375 0.09296875 0.11875 0.06953125
2 0.71171875 0.78203125 0.11015625 0.08828125
2 0.45390625 0.7859375 0.109375 0.06484375
2 0.2078125 0.27578125 0.090625 0.0703125
2 0.54921875 0.575 0.10703125 0.05390625
2 0.81953125 0.80859375 0.1484375 0.0890625
2 0.625 0.415625 0.06171875 0.0546875
2 0.6828125 0.5390625 0.1125 0.08359375
2 0.9265625 0.65703125 0.1046875 0.103125