1 0.5 0.63984375 0.12578125 0.075
1 0.50234375 0.72734375 0.09140625 0.075
1 0.91796875 0.74453125 0.11875 0.084375
1 0.8015625 0.35234375 0.09453125 0.10234375
1 0.728125 0.73828125 0.165625 0.065625
1 0.675 0.63125 0.14609375 0.0515625
1 0.6359375 0.528125 0.1390625 0.06328125
1 0.9109375 0.63828125 0.17734375 0.09140625
1 0.8625 0.528125 0.159375 0.0828125
1 0.3078125 0.69296875 0.16015625 0.0734375
1 0.28828125 0.5953125 0.09921875 0.09296875
1 0.4578125 0.478125 0.15546875 0.065625
1 0.4859375 0.5875 0.125 0.0828125
1 0.7859375 0.42734375 0.1390625 0.078125
1 0.96171875 0.42421875 0.06796875 0.11171875
1 0.96640625 0.3296875 0.0671875 0.06953125
1 0.95625 0.2140625 0.08671875 0.08046875
1 0.7609375 0.27265625 0.0890625 0.07109375
1 0.7796875 0.21328125 0.12265625 0.04140625
1 0.79765625 0.1390625 0.09453125 0.06953125
1 0.615625 0.12109375 0.11796875 0.05390625
1 0.58515625 0.19375 0.071875 0.0828125
1 0.596875 0.34609375 0.11640625 0.08828125
1 0.58984375 0.4375 0.1296875 0.07890625
1 0.265625 0.521875 0.1046875 0.0671875
1 0.275 0.43515625 0.11328125 0.05625
1 0.24609375 0.36328125 0.13046875 0.065625
1 0.25859375 0.29921875 0.1125 0.05625
1 0.28046875 0.19921875 0.07265625 0.07109375
1 0.296875 0.1 0.103125 0.0578125
1 0.12890625 0.08515625 0.1546875 0.06484375
1 0.11171875 0.21015625 0.0921875 0.059375
1 0.11953125 0.2796875 0.11640625 0.0671875
1 0.08671875 0.35703125 0.11875 0.0625
1 0.07578125 0.434375 0.1109375 0.040625
1 0.08359375 0.5125 0.103125 0.05859375
1 0.06953125 0.59453125 0.1265625 0.07109375
1 0.07421875 0.7 0.11328125 0.08046875
1 0.428125 0.37734375 0.10546875 0.09453125
1 0.4328125 0.3265625 0.10859375 0.0703125
1 0.43125 0.23359375 0.14453125 0.0625
1 0.459375 0.16015625 0.1171875 0.05546875