1 0.94921875 0.72421875 0.0984375 0.1171875
1 0.90234375 0.61640625 0.10625 0.09609375
1 0.8734375 0.484375 0.1515625 0.134375
1 0.9671875 0.38671875 0.06484375 0.1
1 0.81328125 0.31015625 0.0796875 0.09609375
1 0.8015625 0.2 0.15546875 0.09453125
1 0.7453125 0.109375 0.1375 0.07421875
1 0.58828125 0.2421875 0.14375 0.08984375
1 0.55703125 0.1671875 0.084375 0.09453125
1 0.628125 0.38828125 0.125 0.09453125
1 0.65390625 0.478125 0.08203125 0.03359375
1 0.6421875 0.5484375 0.11015625 0.05546875
1 0.7015625 0.634375 0.1546875 0.09921875
1 0.68359375 0.7453125 0.11328125 0.1140625
1 0.46640625 0.61796875 0.115625 0.11796875
1 0.434375 0.4546875 0.11796875 0.08984375
1 0.40546875 0.38046875 0.115625 0.07734375
1 0.35625 0.15703125 0.09921875 0.08671875
1 0.15390625 0.11875 0.15703125 0.08515625
1 0.12890625 0.246875 0.09921875 0.05546875
1 0.13984375 0.30859375 0.1046875 0.0859375
1 0.16953125 0.37265625 0.09921875 0.078125
1 0.19140625 0.46484375 0.140625 0.109375
1 0.36328125 0.1 0.0921875 0.07578125
1 0.24296875 0.7 0.1703125 0.146875
1 0.05390625 0.628125 0.1078125 0.190625
1 0.94453125 0.0890625 0.1109375 0.10703125
1 0.95390625 0.1875 0.0921875 0.08671875