1 0.8671875 0.209375 0.10703125 0.09921875
1 0.98046875 0.44140625 0.0390625 0.07421875
1 0.19609375 0.45625 0.0609375 0.1203125
1 0.34765625 0.43828125 0.11796875 0.0921875
1 0.36953125 0.5953125 0.09296875 0.1515625
1 0.3375 0.80078125 0.06875 0.08984375
1 0.35078125 0.95546875 0.07265625 0.08828125
1 0.18203125 0.75234375 0.06328125 0.0921875
1 0.528125 0.7 0.1125 0.090625
1 0.675 0.8078125 0.1015625 0.171875
1 0.81953125 0.79609375 0.078125 0.121875
1 0.76328125 0.940625 0.0640625 0.11875
1 0.95 0.96796875 0.09921875 0.0640625
1 0.9421875 0.8609375 0.05078125 0.0953125
1 0.95546875 0.2671875 0.08828125 0.196875
1 0.82109375 0.34140625 0.04765625 0.08046875
1 0.69140625 0.27578125 0.07109375 0.15546875
1 0.65859375 0.55078125 0.06171875 0.1171875
1 0.5171875 0.54765625 0.05625 0.08828125
1 0.64921875 0.66484375 0.14921875 0.1171875
1 0.50703125 0.4171875 0.075 0.08828125
1 0.50859375 0.3078125 0.09375 0.11328125
1 0.03984375 0.44765625 0.0796875 0.1296875
1 0.20390625 0.27734375 0.09609375 0.090625
1 0.221875 0.16875 0.05078125 0.0734375
1 0.075 0.30546875 0.11171875 0.1234375
1 0.11796875 0.06328125 0.0984375 0.1265625
1 0.24296875 0.03046875 0.0578125 0.0609375
1 0.071875 0.18359375 0.07109375 0.08515625
1 0.81953125 0.44609375 0.08515625 0.13515625
1 0.934375 0.71875 0.05625 0.06328125
1 0.01875 0.74375 0.0375 0.1375
1 0.19765625 0.57578125 0.04609375 0.0703125
1 0.428125 0.04609375 0.0484375 0.071875
1 0.38671875 0.2609375 0.02890625 0.16875