1 0.75078125 0.603125 0.09921875 0.0734375
1 0.809375 0.1859375 0.09921875 0.13671875
1 0.77109375 0.2953125 0.1109375 0.12109375
1 0.64453125 0.40546875 0.10390625 0.15625
1 0.4609375 0.41328125 0.0578125 0.0796875
1 0.93671875 0.3375 0.0921875 0.16015625
1 0.9296875 0.1671875 0.1015625 0.078125
1 0.6484375 0.13671875 0.06953125 0.1828125
1 0.65234375 0.0234375 0.0953125 0.04609375
1 0.63984375 0.26796875 0.1109375 0.12578125
1 0.5234375 0.2125 0.10390625 0.090625
1 0.4953125 0.3109375 0.05859375 0.07421875
1 0.52109375 0.06328125 0.10390625 0.1265625
1 0.3859375 0.0203125 0.1015625 0.040625
1 0.37109375 0.07578125 0.10390625 0.08671875
1 0.35703125 0.20390625 0.07109375 0.0546875
1 0.309375 0.37578125 0.06953125 0.0796875
1 0.215625 0.0390625 0.084375 0.078125
1 0.1953125 0.18359375 0.065625 0.1421875
1 0.95078125 0.03984375 0.0953125 0.0796875
1 0.81640625 0.03828125 0.10859375 0.0765625
1 0.93359375 0.51015625 0.06953125 0.14921875
1 0.76875 0.4296875 0.06953125 0.08671875
1 0.8296875 0.53515625 0.09765625 0.09609375
1 0.62421875 0.54453125 0.04140625 0.0765625
1 0.4765625 0.5125 0.03984375 0.0796875
1 0.90703125 0.6125 0.08046875 0.09375
1 0.93203125 0.88125 0.1125 0.1953125
1 0.7453125 0.89921875 0.07734375 0.09609375
1 0.73828125 0.72734375 0.07734375 0.1546875
1 0.43828125 0.640625 0.0734375 0.1015625
1 0.134375 0.6546875 0.109375 0.115625
1 0.06484375 0.79609375 0.12890625 0.13515625
1 0.05625 0.3625 0.11171875 0.0921875
1 0.10078125 0.09140625 0.09921875 0.14921875
1 0.0328125 0.21796875 0.06484375 0.10078125
1 0.28125 0.73984375 0.18203125 0.1828125
1 0.16328125 0.3859375 0.08984375 0.17734375
1 0.28125 0.55390625 0.0671875 0.10859375
1 0.5828125 0.7484375 0.08671875 0.21328125