2 0.7125 0.734375 0.10390625 0.05546875
2 0.6 0.6078125 0.10234375 0.06875
2 0.5203125 0.85078125 0.08671875 0.06484375
2 0.74140625 0.38203125 0.12578125 0.0890625
2 0.059375 0.8578125 0.10625 0.07890625
2 0.7203125 0.61328125 0.08515625 0.0765625
2 0.04296875 0.49140625 0.0859375 0.1015625
2 0.16640625 0.884375 0.09140625 0.07421875
2 0.040625 0.60234375 0.08125 0.0796875
2 0.51015625 0.9453125 0.0890625 0.05859375
2 0.28046875 0.3296875 0.08828125 0.06953125
2 0.21796875 0.67265625 0.1046875 0.06875
2 0.4359375 0.80859375 0.11015625 0.07109375
2 0.453125 0.61171875 0.08828125 0.06875
2 0.08671875 0.26875 0.0890625 0.065625
2 0.49609375 0.36484375 0.096875 0.07734375
2 0.2046875 0.175 0.065625 0.103125
2 0.2828125 0.14296875 0.10390625 0.1046875
2 0.40078125 0.17265625 0.06953125 0.1390625
2 0.51796875 0.140625 0.05390625 0.10625
2 0.64375 0.153125 0.10859375 0.11171875
2 0.3453125 0.5640625 0.13359375 0.09921875
2 0.875 0.60546875 0.0921875 0.1203125
2 0.09296875 0.14609375 0.115625 0.12890625
2 0.87265625 0.11171875 0.10234375 0.12890625
2 0.8125 0.85546875 0.10234375 0.1046875
2 0.8421875 0.728125 0.06015625 0.09765625
2 0.9578125 0.7359375 0.084375 0.09609375
2 0.28984375 0.9 0.1078125 0.09609375
2 0.30703125 0.77109375 0.05234375 0.14453125
2 0.15859375 0.4734375 0.09453125 0.0890625
2 0.3921875 0.065625 0.05234375 0.09609375
2 0.62890625 0.06015625 0.06796875 0.075
2 0.76171875 0.17265625 0.04296875 0.14609375
2 0.621875 0.2734375 0.0734375 0.08046875
2 0.51796875 0.26640625 0.06015625 0.121875
2 0.60625 0.4359375 0.06328125 0.12890625
2 0.66953125 0.8765625 0.09609375 0.1078125
2 0.8921875 0.2953125 0.07109375 0.1828125
2 0.28046875 0.41875 0.0921875 0.06484375
2 0.39921875 0.284375 0.065625 0.11875