1 0.44375 0.1234375 0.07734375 0.07421875
1 0.70234375 0.19375 0.103125 0.12109375
1 0.03359375 0.259375 0.0671875 0.115625
1 0.03125 0.3609375 0.0625 0.10546875
1 0.434375 0.35859375 0.08828125 0.11015625
1 0.7734375 0.7953125 0.1109375 0.11875
1 0.9734375 0.3328125 0.053125 0.07421875
1 0.9625 0.5359375 0.07421875 0.1
1 0.315625 0.33984375 0.11640625 0.10546875
1 0.67109375 0.4515625 0.09921875 0.09375
1 0.98515625 0.87109375 0.0296875 0.1015625
1 0.959375 0.22109375 0.08046875 0.0734375
1 0.0859375 0.940625 0.15078125 0.11796875
1 0.1078125 0.83046875 0.11875 0.075
1 0.14921875 0.69765625 0.12890625 0.12890625
1 0.13828125 0.590625 0.125 0.09609375
1 0.16171875 0.46484375 0.13046875 0.115625
1 0.16875 0.3390625 0.165625 0.11796875
1 0.13984375 0.25234375 0.14765625 0.090625
1 0.14453125 0.1375 0.11484375 0.11953125
1 0.02109375 0.12109375 0.0421875 0.1328125
1 0.04765625 0.4625 0.0953125 0.11328125
1 0.0375 0.58515625 0.07421875 0.09609375
1 0.02109375 0.709375 0.0421875 0.08515625
1 0.22890625 0.94765625 0.1265625 0.1046875
1 0.2625 0.79765625 0.1234375 0.178125
1 0.38125 0.8203125 0.0859375 0.1265625
1 0.3578125 0.965625 0.12265625 0.06875
1 0.5078125 0.90078125 0.1140625 0.1421875
1 0.521875 0.76640625 0.0890625 0.1171875
1 0.42734375 0.58515625 0.078125 0.11015625
1 0.5453125 0.5078125 0.11796875 0.15234375
1 0.29765625 0.21015625 0.109375 0.10546875
1 0.55859375 0.14140625 0.128125 0.1734375
1 0.8296875 0.36328125 0.1046875 0.16015625
1 0.82890625 0.20859375 0.096875 0.12265625
1 0.82578125 0.58046875 0.096875 0.1125
1 0.66875 0.62109375 0.11171875 0.115625
1 0.8640625 0.96796875 0.1265625 0.06328125
1 0.90703125 0.88828125 0.1 0.08671875
1 0.659375 0.884375 0.06328125 0.12109375
1 0.72890625 0.9640625 0.0984375 0.071875
1 0.640625 0.765625 0.08203125 0.13671875
1 0.575 0.29296875 0.09453125 0.1171875
1 0.68984375 0.30390625 0.0921875 0.13203125
1 0.9625 0.6625 0.075 0.14921875