1 0.0625 0.84296875 0.11015625 0.07109375
1 0.14609375 0.86796875 0.09609375 0.0828125
1 0.25390625 0.921875 0.11640625 0.0765625
1 0.3328125 0.903125 0.08828125 0.08671875
1 0.44296875 0.94921875 0.16171875 0.0640625
1 0.06015625 0.7296875 0.1203125 0.12890625
1 0.14921875 0.74140625 0.08359375 0.08046875
1 0.24140625 0.7640625 0.11328125 0.06015625
1 0.33984375 0.77109375 0.10234375 0.0921875
1 0.43984375 0.78359375 0.12109375 0.0890625
1 0.54765625 0.803125 0.14140625 0.12109375
1 0.65625 0.81640625 0.12578125 0.071875
1 0.753125 0.83828125 0.14296875 0.1015625
1 0.80703125 0.72890625 0.13515625 0.103125
1 0.67734375 0.69453125 0.11796875 0.1078125
1 0.53359375 0.69375 0.13515625 0.08515625
1 0.34140625 0.66484375 0.215625 0.0765625
1 0.11015625 0.6296875 0.2203125 0.065625
1 0.4546875 0.14140625 0.10703125 0.09609375
1 0.33515625 0.146875 0.11171875 0.11328125
1 0.2 0.1484375 0.13203125 0.08984375
1 0.040625 0.14296875 0.08125 0.1078125
1 0.40859375 0.28671875 0.14609375 0.09453125
1 0.71953125 0.3125 0.17265625 0.09453125
1 0.76640625 0.44375 0.11953125 0.1109375
1 0.59375 0.43671875 0.11015625 0.1125
1 0.48203125 0.4140625 0.08828125 0.103125
1 0.38359375 0.403125 0.10546875 0.10546875
1 0.88203125 0.31171875 0.14609375 0.11875
1 0.96328125 0.48203125 0.07265625 0.11328125
1 0.86953125 0.4875 0.10234375 0.15390625
1 0.5140625 0.54375 0.11484375 0.06640625
1 0.40625 0.525 0.09140625 0.0796875
1 0.21875 0.51640625 0.08671875 0.0921875
1 0.1390625 0.3828125 0.11640625 0.0625
1 0.04453125 0.48984375 0.0890625 0.04765625
1 0.97578125 0.75859375 0.04765625 0.12265625
1 0.91875 0.61953125 0.10078125 0.078125
1 0.67265625 0.1921875 0.17734375 0.06953125
1 0.96875 0.03359375 0.06171875 0.0671875
1 0.87734375 0.03125 0.11484375 0.0625
1 0.74375 0.02421875 0.14921875 0.0484375
1 0.6109375 0.01875 0.1125 0.0375
1 0.51796875 0.01328125 0.0734375 0.0265625
1 0.40703125 0.00859375 0.11171875 0.01640625
1 0.2765625 0.01796875 0.06484375 0.03515625
1 0.859375 0.165625 0.10390625 0.09609375
1 0.9671875 0.1671875 0.065625 0.09921875