1 0.425 0.35625 0.1 0.1125
1 0.3875 0.72890625 0.0875 0.1125
1 0.32265625 0.16640625 0.08125 0.0703125
1 0.72890625 0.8484375 0.11171875 0.09765625
1 0.18515625 0.20625 0.09296875 0.078125
1 0.5734375 0.38671875 0.10859375 0.09609375
1 0.54375 0.44375 0.0921875 0.0828125
1 0.74453125 0.15859375 0.06640625 0.05
1 0.36015625 0.96015625 0.10078125 0.07890625
1 0.69921875 0.77265625 0.07734375 0.05625
1 0.9796875 0.32265625 0.040625 0.0921875
1 0.9703125 0.234375 0.059375 0.0875
1 0.9578125 0.15234375 0.0765625 0.07890625
1 0.58046875 0.23828125 0.05234375 0.065625
1 0.190625 0.89375 0.11953125 0.1796875
1 0.0484375 0.81640625 0.08984375 0.1328125
1 0.1171875 0.49453125 0.0953125 0.17734375
1 0.55234375 0.7921875 0.12109375 0.15625
1 0.5671875 0.58515625 0.08359375 0.115625
1 0.703125 0.575 0.08046875 0.08984375
1 0.73359375 0.4515625 0.0546875 0.11328125
1 0.709375 0.30546875 0.07109375 0.12421875
1 0.59140625 0.13515625 0.0578125 0.07890625
1 0.4625 0.16796875 0.06796875 0.08984375
1 0.29375 0.30859375 0.0609375 0.0921875
1 0.27265625 0.4828125 0.07109375 0.15390625
1 0.26015625 0.66875 0.0546875 0.10234375
1 0.0515625 0.2328125 0.103125 0.15625
1 0.86171875 0.24609375 0.1046875 0.1265625
1 0.89453125 0.41328125 0.08984375 0.1390625
1 0.89609375 0.65390625 0.13828125 0.1328125
1 0.87890625 0.54765625 0.12109375 0.1046875
1 0.93125 0.78125 0.11953125 0.16875
1 0.73203125 0.9515625 0.1265625 0.096875
1 0.43359375 0.50390625 0.12578125 0.11953125
1 0.06953125 0.58984375 0.07421875 0.128125