1 0.0484375 0.11015625 0.096875 0.1171875
1 0.0328125 0.04375 0.06484375 0.0828125
1 0.690625 0.6140625 0.090625 0.090625
1 0.678125 0.75859375 0.1078125 0.09921875
1 0.0328125 0.7625 0.06484375 0.0921875
1 0.64140625 0.23828125 0.078125 0.07890625
1 0.05 0.34765625 0.0578125 0.06953125
1 0.5703125 0.7484375 0.08046875 0.0796875
1 0.290625 0.74765625 0.08046875 0.1
1 0.75703125 0.2171875 0.084375 0.07109375
1 0.1453125 0.7984375 0.0671875 0.07421875
1 0.82265625 0.7484375 0.115625 0.1125
1 0.54765625 0.66484375 0.09140625 0.07578125
1 0.4296875 0.734375 0.096875 0.1125
1 0.2859375 0.55078125 0.1171875 0.13359375
1 0.44921875 0.528125 0.1265625 0.15703125
1 0.17265625 0.6734375 0.078125 0.06328125
1 0.0421875 0.5484375 0.06875 0.084375
1 0.0578125 0.4578125 0.10234375 0.12265625
1 0.14296875 0.38515625 0.10234375 0.11015625
1 0.171875 0.26875 0.11171875 0.096875
1 0.29921875 0.3703125 0.0984375 0.13984375
1 0.2703125 0.22578125 0.14453125 0.14140625
1 0.03359375 0.21953125 0.0578125 0.096875
1 0.4109375 0.22890625 0.1359375 0.1125
1 0.4171875 0.34453125 0.11015625 0.08671875
1 0.425 0.4265625 0.10078125 0.08046875
1 0.5328125 0.371875 0.10625 0.07890625
1 0.5796875 0.46328125 0.0578125 0.084375
1 0.55234375 0.54375 0.046875 0.0703125
1 0.66953125 0.68828125 0.06875 0.06484375
1 0.6703125 0.50703125 0.07109375 0.1125
1 0.678125 0.365625 0.1015625 0.15078125
1 0.80859375 0.62890625 0.12265625 0.1140625
1 0.7875 0.53125 0.115625 0.090625
1 0.77578125 0.4296875 0.090625 0.1078125
1 0.77265625 0.328125 0.0796875 0.075
1 0.60625 0.115625 0.11484375 0.12109375
1 0.375 0.12265625 0.1421875 0.134375
1 0.21015625 0.06328125 0.11640625 0.12265625
1 0.7265625 0.06484375 0.0640625 0.1171875
1 0.8265625 0.0484375 0.08984375 0.09296875
1 0.85546875 0.14765625 0.09375 0.090625
1 0.8703125 0.26640625 0.08125 0.1140625
1 0.95390625 0.02109375 0.0703125 0.0421875
1 0.9375 0.10625 0.0703125 0.05234375
1 0.971875 0.15078125 0.05625 0.153125
1 0.9046875 0.3671875 0.04765625 0.0703125
1 0.92109375 0.4515625 0.05234375 0.1421875
1 0.921875 0.56015625 0.090625 0.11640625
1 0.93046875 0.7125 0.07421875 0.1890625
1 0.4875 0.0484375 0.05078125 0.0703125
1 0.590625 0.02578125 0.07734375 0.0515625
1 0.50625 0.1796875 0.07734375 0.09609375
1 0.5546875 0.2609375 0.0796875 0.1125
1 0.36328125 0.0328125 0.11328125 0.06328125