1 0.43203125 0.41328125 0.0765625 0.07265625
1 0.5671875 0.81953125 0.0671875 0.075
1 0.565625 0.68359375 0.0796875 0.07265625
1 0.51953125 0.2828125 0.06875 0.09609375
1 0.29921875 0.5125 0.07265625 0.0875
1 0.559375 0.57265625 0.0984375 0.1609375
1 0.5515625 0.48046875 0.06953125 0.0671875
1 0.03984375 0.30625 0.0796875 0.1078125
1 0.71640625 0.68203125 0.08984375 0.0890625
1 0.1484375 0.33203125 0.0875 0.096875
1 0.03125 0.209375 0.0625 0.096875
1 0.50546875 0.21171875 0.09609375 0.0671875
1 0.159375 0.53046875 0.10390625 0.10625
1 0.43515625 0.61875 0.08515625 0.08671875
1 0.1125 0.071875 0.103125 0.1
1 0.5328125 0.38671875 0.07578125 0.0828125
1 0.23828125 0.07109375 0.09921875 0.1125
1 0.7640625 0.21484375 0.12265625 0.0859375
1 0.79609375 0.3265625 0.096875 0.0671875
1 0.98125 0.15078125 0.03671875 0.0578125
1 0.303125 0.61640625 0.1125 0.10390625
1 0.0390625 0.77421875 0.07578125 0.1265625
1 0.20390625 0.8671875 0.1171875 0.128125
1 0.18125 0.74765625 0.14765625 0.09921875
1 0.3109375 0.74375 0.09921875 0.08515625
1 0.33046875 0.84140625 0.1 0.1375
1 0.16640625 0.63515625 0.14921875 0.1296875
1 0.05625 0.4078125 0.1125 0.1140625
1 0.03046875 0.53515625 0.05234375 0.10625
1 0.1421875 0.21328125 0.128125 0.1359375
1 0.290625 0.296875 0.12890625 0.1203125
1 0.28828125 0.39453125 0.1546875 0.134375
1 0.35859375 0.109375 0.090625 0.09296875
1 0.35390625 0.034375 0.0859375 0.06875
1 0.38515625 0.18515625 0.0671875 0.09296875
1 0.4109375 0.29375 0.11875 0.1390625
1 0.4796875 0.11953125 0.09921875 0.09453125
1 0.45859375 0.03671875 0.121875 0.06796875
1 0.6921875 0.56796875 0.12109375 0.11875
1 0.6890625 0.78671875 0.1078125 0.1171875
1 0.6953125 0.428125 0.0828125 0.1671875
1 0.64765625 0.31796875 0.10234375 0.1609375
1 0.634375 0.15859375 0.09765625 0.134375
1 0.57265625 0.0390625 0.1265625 0.078125
1 0.709375 0.09140625 0.121875 0.1109375
1 0.7203125 0.021875 0.13515625 0.04296875
1 0.8328125 0.42734375 0.1046875 0.07265625
1 0.82421875 0.5453125 0.07109375 0.1359375
1 0.84296875 0.6609375 0.11953125 0.08671875
1 0.8390625 0.77109375 0.1125 0.1328125
1 0.9734375 0.77265625 0.053125 0.1546875
1 0.9625 0.640625 0.07109375 0.121875
1 0.95546875 0.5359375 0.0890625 0.103125
1 0.94921875 0.44609375 0.1015625 0.0953125
1 0.93828125 0.34609375 0.08984375 0.1171875
1 0.915625 0.2390625 0.09296875 0.10078125
1 0.8859375 0.12421875 0.140625 0.1125
1 0.85703125 0.0296875 0.1078125 0.05859375
1 0.97265625 0.05859375 0.0546875 0.1171875
1 0.43515625 0.5140625 0.1375 0.10390625
1 0.4453125 0.73515625 0.096875 0.07734375
1 0.46328125 0.83671875 0.08125 0.128125