1 0.175 0.81328125 0.08359375 0.1046875
1 0.5109375 0.55703125 0.07734375 0.05546875
1 0.28515625 0.25703125 0.0703125 0.0609375
1 0.31796875 0.8234375 0.1203125 0.0890625
1 0.90859375 0.56875 0.0859375 0.06328125
1 0.5390625 0.453125 0.09453125 0.08203125
1 0.634375 0.74375 0.10078125 0.084375
1 0.165625 0.115625 0.11015625 0.15546875
1 0.1390625 0.259375 0.04453125 0.1109375
1 0.01640625 0.22734375 0.0328125 0.1109375
1 0.11796875 0.4484375 0.03671875 0.09140625
1 0.07109375 0.6015625 0.0359375 0.084375
1 0.05390625 0.728125 0.053125 0.09921875
1 0.0265625 0.8203125 0.053125 0.08359375
1 0.2203125 0.68203125 0.059375 0.10234375
1 0.2578125 0.44140625 0.0640625 0.11171875
1 0.91953125 0.93046875 0.07265625 0.06015625
1 0.640625 0.3828125 0.09140625 0.11015625
1 0.790625 0.52890625 0.07109375 0.08828125
1 0.67421875 0.1484375 0.06015625 0.103125
1 0.815625 0.159375 0.1140625 0.053125
1 0.81328125 0.06328125 0.06328125 0.078125
1 0.93828125 0.10625 0.03671875 0.07578125
1 0.5359375 0.1921875 0.1 0.08828125
1 0.52734375 0.34609375 0.05703125 0.078125
1 0.47421875 0.715625 0.06953125 0.090625
1 0.9125 0.8296875 0.0796875 0.15703125
1 0.3125 0.14375 0.09140625 0.12265625
1 0.33046875 0.6609375 0.09921875 0.1296875
1 0.2140625 0.53125 0.071875 0.07734375
1 0.42265625 0.30234375 0.071875 0.13125
1 0.68828125 0.06015625 0.08515625 0.0578125
1 0.62265625 0.615625 0.0828125 0.0984375
1 0.3984375 0.50625 0.05078125 0.0703125
1 0.7703125 0.79296875 0.08671875 0.17421875
1 0.79140625 0.62421875 0.06640625 0.0921875
1 0.9265625 0.690625 0.0953125 0.1
1 0.934375 0.44765625 0.09609375 0.08671875
1 0.91640625 0.35546875 0.12265625 0.11328125
1 0.8015625 0.31328125 0.053125 0.1015625
1 0.30390625 0.03203125 0.06953125 0.0640625
1 0.19453125 0.02578125 0.08046875 0.05078125
1 0.04609375 0.1421875 0.08046875 0.1
1 0.43203125 0.03828125 0.0671875 0.0765625
1 0.4390625 0.1625 0.0515625 0.059375