1 0.12890625 0.39609375 0.153125 0.11015625
1 0.1578125 0.325 0.165625 0.07578125
1 0.12265625 0.215625 0.10625 0.071875
1 0.19375 0.78203125 0.1984375 0.1421875
1 0.15078125 0.6796875 0.125 0.078125
1 0.6109375 0.76640625 0.11640625 0.0765625
1 0.115625 0.14375 0.13984375 0.07109375
1 0.12890625 0.05546875 0.1234375 0.075
1 0.58671875 0.39921875 0.1015625 0.07890625
1 0.7984375 0.57578125 0.13359375 0.08359375
1 0.52265625 0.2015625 0.078125 0.06015625
1 0.1515625 0.56171875 0.08984375 0.090625
1 0.8125 0.49921875 0.1140625 0.09921875
1 0.62578125 0.61171875 0.13515625 0.08828125
1 0.97109375 0.578125 0.0578125 0.0671875
1 0.34375 0.08828125 0.153125 0.09765625
1 0.52109375 0.12890625 0.13046875 0.07578125
1 0.6953125 0.15546875 0.146875 0.07109375
1 0.80859375 0.77421875 0.1265625 0.12734375
1 0.4 0.68515625 0.1171875 0.10078125
1 0.55 0.309375 0.1265625 0.08125
1 0.5359375 0.24921875 0.12265625 0.04375
1 0.5859375 0.45703125 0.1421875 0.065625
1 0.62421875 0.534375 0.16484375 0.08671875
1 0.60625 0.6859375 0.059375 0.03359375
1 0.80078125 0.6671875 0.16640625 0.09140625
1 0.7890625 0.42265625 0.08125 0.05859375
1 0.75859375 0.35390625 0.065625 0.07578125
1 0.73984375 0.3 0.1140625 0.0734375
1 0.6984375 0.23203125 0.13125 0.075
1 0.890625 0.15546875 0.1734375 0.08515625
1 0.90234375 0.215625 0.13203125 0.059375
1 0.92109375 0.26328125 0.09296875 0.059375
1 0.92578125 0.3234375 0.1265625 0.06796875
1 0.93359375 0.38984375 0.1328125 0.0765625
1 0.965625 0.51171875 0.06875 0.0625
1 0.975 0.6390625 0.05 0.071875
1 0.38515625 0.7796875 0.07890625 0.0484375
1 0.41328125 0.83125 0.03671875 0.07265625
1 0.38203125 0.603125 0.1640625 0.1046875
1 0.3875 0.5234375 0.15859375 0.109375
1 0.3859375 0.415625 0.17265625 0.128125
1 0.3578125 0.31796875 0.18515625 0.1125
1 0.33046875 0.21328125 0.178125 0.14296875