1 0.19921875 0.01328125 0.07578125 0.02421875
1 0.30078125 0.02734375 0.0625 0.05390625
1 0.41015625 0.015625 0.0765625 0.03125
1 0.03203125 0.1109375 0.0640625 0.05390625
1 0.140625 0.1109375 0.08203125 0.05234375
1 0.2375 0.128125 0.0515625 0.03125
1 0.3765625 0.1421875 0.04375 0.04609375
1 0.49453125 0.14921875 0.06171875 0.0328125
1 0.59765625 0.12734375 0.0421875 0.06015625
1 0.70078125 0.1328125 0.05546875 0.0296875
1 0.01640625 0.26015625 0.03203125 0.0375
1 0.13984375 0.26875 0.06171875 0.0453125
1 0.25625 0.278125 0.06953125 0.0453125
1 0.409375 0.28671875 0.03203125 0.0421875
1 0.6609375 0.27265625 0.0859375 0.0359375
1 0.75078125 0.26171875 0.10390625 0.075
1 0.86953125 0.27109375 0.08046875 0.03203125
1 0.96015625 0.22265625 0.04375 0.02734375
1 0.98125 0.27734375 0.0375 0.05
1 0.08203125 0.3984375 0.05625 0.0359375
1 0.2109375 0.4125 0.0703125 0.04140625
1 0.31953125 0.4203125 0.10234375 0.08203125
1 0.41171875 0.4234375 0.090625 0.04765625
1 0.5125 0.4234375 0.0640625 0.0625
1 0.640625 0.43125 0.0703125 0.11953125
1 0.7671875 0.41640625 0.05234375 0.021875
1 0.8578125 0.40625 0.07578125 0.04609375
1 0.94375 0.42109375 0.02578125 0.0421875
1 0.0375 0.5265625 0.075 0.0625
1 0.1109375 0.53046875 0.0734375 0.0671875
1 0.33828125 0.54375 0.0515625 0.0640625
1 0.42421875 0.53828125 0.08203125 0.04609375
1 0.515625 0.52734375 0.06015625 0.0671875
1 0.0265625 0.63203125 0.053125 0.0640625
1 0.1125 0.6328125 0.0765625 0.0453125
1 0.23046875 0.62734375 0.09609375 0.02734375
1 0.34375 0.6421875 0.10546875 0.0296875
1 0.46796875 0.65078125 0.071875 0.075
1 0.55703125 0.65390625 0.04765625 0.0703125
1 0.1 0.7546875 0.05859375 0.034375
1 0.22109375 0.75625 0.06796875 0.0453125
1 0.3609375 0.7484375 0.09375 0.06875
1 0.49140625 0.72734375 0.08828125 0.04765625
1 0.61171875 0.72890625 0.0578125 0.05078125
1 0.85625 0.5109375 0.05859375 0.0875
1 0.9296875 0.56953125 0.00234375 0.0125
1 0.9609375 0.5265625 0.04765625 0.053125
1 0.93984375 0.734375 0.07578125 0.05
1 0.821875 0.74296875 0.05625 0.06875
1 0.59453125 0.85234375 0.08984375 0.0671875
1 0.4828125 0.859375 0.09375 0.0609375
1 0.3515625 0.88828125 0.11171875 0.0625
1 0.23828125 0.865625 0.071875 0.02890625
1 0.09453125 0.86015625 0.08359375 0.05078125
1 0.03828125 0.9671875 0.07421875 0.06015625
1 0.1375 0.9890625 0.05390625 0.0203125
1 0.26875 0.95859375 0.0578125 0.078125
1 0.365625 0.9859375 0.06640625 0.02421875
1 0.4765625 0.97578125 0.0515625 0.040625
1 0.58046875 0.9796875 0.05390625 0.040625
1 0.67578125 0.978125 0.08046875 0.04375
1 0.77421875 0.96875 0.11015625 0.0625
1 0.89765625 0.95703125 0.05859375 0.0484375
1 0.70234375 0.8578125 0.07421875 0.06015625
1 0.803125 0.8625 0.0734375 0.05390625
1 0.88671875 0.85546875 0.08203125 0.02109375
1 0.98671875 0.95703125 0.02578125 0.05859375
1 0.75234375 0.53359375 0.084375 0.034375
1 0.94453125 0.05078125 0.06953125 0.07890625
1 0.86875 0.03828125 0.06953125 0.06875
1 0.90546875 0.14140625 0.09375 0.0546875
1 0.96875 0.14453125 0.06171875 0.05625