2 0.3109375 0.740625 0.11796875 0.0625
2 0.43828125 0.59765625 0.11640625 0.07734375
2 0.52890625 0.87265625 0.0984375 0.0734375
2 0.27890625 0.34140625 0.1421875 0.10078125
2 0.30234375 0.60390625 0.09609375 0.08671875
2 0.9296875 0.9109375 0.103125 0.08359375
2 0.540625 0.9734375 0.10078125 0.053125
2 0.8 0.2828125 0.1 0.078125
2 0.87109375 0.67109375 0.11875 0.07734375
2 0.62421875 0.825 0.125 0.08046875
2 0.6046875 0.60234375 0.1 0.07734375
2 0.984375 0.21328125 0.03046875 0.07421875
2 0.55625 0.32265625 0.109375 0.0875
2 0.8859375 0.1078125 0.07421875 0.11640625
2 0.79765625 0.07109375 0.1171875 0.11875
2 0.6640625 0.1046875 0.07890625 0.1578125
2 0.53203125 0.06796875 0.0609375 0.1203125
2 0.3890625 0.0828125 0.1234375 0.1265625
2 0.72734375 0.54765625 0.1515625 0.1125
2 0.1265625 0.5953125 0.10390625 0.1359375
2 0.9734375 0.075 0.053125 0.14609375
2 0.1296875 0.05390625 0.115625 0.1078125
2 0.19765625 0.87890625 0.115625 0.11875
2 0.1640625 0.734375 0.06875 0.11015625
2 0.040625 0.74296875 0.08046875 0.10859375
2 0.78984375 0.92890625 0.121875 0.10859375
2 0.7703125 0.7828125 0.059375 0.1640625
2 0.93828125 0.4453125 0.10703125 0.10078125
2 0.6734375 0.01875 0.059375 0.0375
2 0.40625 0.01015625 0.07734375 0.01953125
2 0.25546875 0.1046875 0.04921875 0.165625
2 0.41328125 0.21953125 0.08359375 0.090625
2 0.53125 0.2109375 0.06875 0.13828125
2 0.43125 0.403125 0.07109375 0.14609375
2 0.359375 0.90234375 0.10859375 0.12265625
2 0.10703125 0.24375 0.08046875 0.20703125
2 0.8 0.384375 0.10390625 0.07265625
2 0.66640625 0.23125 0.07421875 0.134375