1 0.96484375 0.6203125 0.0703125 0.0890625
1 0.41640625 0.23671875 0.109375 0.0984375
1 0.44453125 0.3453125 0.11328125 0.071875
1 0.6953125 0.90546875 0.1296875 0.11640625
1 0.72734375 0.3015625 0.11171875 0.096875
1 0.1953125 0.25078125 0.1015625 0.0765625
1 0.9484375 0.25390625 0.103125 0.09375
1 0.72265625 0.56171875 0.11015625 0.10859375
1 0.91640625 0.88984375 0.16640625 0.1109375
1 0.97421875 0.74296875 0.0515625 0.1359375
1 0.75859375 0.78203125 0.2140625 0.0921875
1 0.7375 0.65546875 0.16015625 0.11328125
1 0.74609375 0.4265625 0.16328125 0.071875
1 0.96015625 0.46328125 0.07890625 0.1046875
1 0.91796875 0.346875 0.16328125 0.0671875
1 0.903125 0.15625 0.15078125 0.06640625
1 0.6921875 0.1921875 0.1125 0.08046875
1 0.62890625 0.12421875 0.12578125 0.06875
1 0.9 0.06171875 0.1140625 0.07734375
1 0.6953125 0.025 0.134375 0.05
1 0.44765625 0.14921875 0.14296875 0.084375
1 0.39375 0.06796875 0.13828125 0.0953125
1 0.196875 0.0640625 0.1015625 0.08203125
1 0.19765625 0.17109375 0.1140625 0.06171875
1 0.24921875 0.33671875 0.11171875 0.0921875
1 0.2125 0.4453125 0.1625 0.0828125
1 0.45390625 0.546875 0.13828125 0.071875
1 0.48671875 0.41640625 0.1703125 0.06875
1 0.47109375 0.63203125 0.0921875 0.12421875
1 0.50859375 0.77109375 0.22109375 0.06171875
1 0.4625 0.8546875 0.1015625 0.121875
1 0.19453125 0.88046875 0.16796875 0.078125
1 0.21484375 0.775 0.128125 0.1375
1 0.20859375 0.5609375 0.165625 0.084375
1 0.0359375 0.5109375 0.07109375 0.07578125
1 0.0140625 0.3984375 0.028125 0.0625
1 0.0671875 0.28359375 0.134375 0.06875
1 0.01796875 0.18515625 0.0359375 0.0859375