2 0.065625 0.3859375 0.121875 0.08671875
2 0.55 0.50859375 0.12265625 0.08125
2 0.94296875 0.43203125 0.1140625 0.06640625
2 0.6484375 0.840625 0.14375 0.10234375
2 0.68359375 0.96875 0.14375 0.06171875
2 0.1109375 0.7546875 0.1390625 0.075
2 0.47578125 0.18125 0.13359375 0.1140625
2 0.28515625 0.21171875 0.1796875 0.1390625
2 0.5453125 0.3359375 0.08984375 0.1046875
2 0.66640625 0.34296875 0.10078125 0.10546875
2 0.81875 0.31171875 0.13515625 0.084375
2 0.7328125 0.45390625 0.09296875 0.075
2 0.93359375 0.55625 0.071875 0.08828125
2 0.30546875 0.5296875 0.1125 0.08828125
2 0.76171875 0.171875 0.08671875 0.115625
2 0.946875 0.19375 0.10078125 0.0921875
2 0.8875 0.03828125 0.1125 0.0765625
2 0.40625 0.06328125 0.1125 0.0796875
2 0.2125 0.05234375 0.12578125 0.0921875
2 0.11328125 0.2109375 0.1171875 0.1015625
2 0.2390625 0.35 0.12421875 0.08203125
2 0.5125 0.6890625 0.10625 0.07578125
2 0.3640625 0.88359375 0.1515625 0.1078125
2 0.86015625 0.94453125 0.10078125 0.0921875
2 0.8375 0.78046875 0.1078125 0.11171875
2 0.9640625 0.78515625 0.07109375 0.109375
2 0.77265625 0.61484375 0.140625 0.1265625
2 0.73359375 0.05625 0.1046875 0.09453125
2 0.57421875 0.06171875 0.08671875 0.0984375
2 0.6484375 0.20390625 0.146875 0.07890625
2 0.025 0.2484375 0.05 0.1140625