2 0.1109375 0.3921875 0.1125 0.08046875
2 0.55703125 0.5046875 0.11328125 0.075
2 0.91953125 0.434375 0.1046875 0.06171875
2 0.64765625 0.8109375 0.13203125 0.09453125
2 0.68046875 0.94375 0.13203125 0.08515625
2 0.15234375 0.73125 0.128125 0.06953125
2 0.48828125 0.203125 0.1234375 0.10546875
2 0.3125 0.23125 0.165625 0.128125
2 0.55234375 0.34609375 0.0828125 0.09609375
2 0.66484375 0.35234375 0.09296875 0.09765625
2 0.8046875 0.3234375 0.125 0.078125
2 0.72578125 0.4546875 0.0859375 0.06875
2 0.9109375 0.54921875 0.06640625 0.08125
2 0.33125 0.52421875 0.10390625 0.08125
2 0.75234375 0.19453125 0.0796875 0.10625
2 0.9234375 0.21484375 0.09296875 0.08515625
2 0.86796875 0.06484375 0.10390625 0.08359375
2 0.425 0.09453125 0.10390625 0.0734375
2 0.24609375 0.084375 0.115625 0.08515625
2 0.1546875 0.23046875 0.10859375 0.09375
2 0.2703125 0.35859375 0.1140625 0.07578125
2 0.52265625 0.67109375 0.09765625 0.0703125
2 0.3859375 0.85 0.13984375 0.1
2 0.84375 0.90625 0.09296875 0.08515625
2 0.82265625 0.75546875 0.09921875 0.103125
2 0.9515625 0.76015625 0.08984375 0.10078125
2 0.7625 0.603125 0.12890625 0.11640625
2 0.72578125 0.0875 0.09609375 0.0875
2 0.5796875 0.09296875 0.0796875 0.090625
2 0.64765625 0.22421875 0.13515625 0.07265625
2 0.0484375 0.265625 0.09609375 0.10546875