2 0.890625 0.55703125 0.0921875 0.05546875
2 0.2703125 0.8546875 0.1109375 0.078125
2 0.5203125 0.26484375 0.1 0.09375
2 0.08828125 0.553125 0.0890625 0.059375
2 0.06796875 0.25390625 0.10859375 0.06875
2 0.73828125 0.5703125 0.125 0.11640625
2 0.7 0.29296875 0.1171875 0.0875
2 0.4625 0.68671875 0.10546875 0.12265625
2 0.2328125 0.74453125 0.15703125 0.12578125
2 0.7921875 0.83828125 0.10546875 0.1234375
2 0.94375 0.79921875 0.1125 0.0984375
2 0.228125 0.42265625 0.1109375 0.1078125
2 0.090625 0.43515625 0.125 0.10546875
2 0.2609375 0.58359375 0.14609375 0.10390625
2 0.55703125 0.54453125 0.1234375 0.1234375
2 0.85546875 0.42109375 0.0796875 0.1171875
2 0.53828125 0.4234375 0.08828125 0.10390625
2 0.69765625 0.3890625 0.165625 0.08671875
2 0.375 0.409375 0.10703125 0.08125
2 0.3578125 0.1046875 0.18828125 0.096875
2 0.6703125 0.12578125 0.09375 0.1078125
2 0.8140625 0.14765625 0.12109375 0.140625
2 0.07109375 0.14609375 0.12734375 0.1203125
2 0.23359375 0.2625 0.15859375 0.0921875
2 0.19453125 0.103125 0.10234375 0.1046875
2 0.37109375 0.25390625 0.0796875 0.08671875
2 0.43125 0.55625 0.11953125 0.1046875
2 0.96875 0.2796875 0.0625 0.07421875
2 0.54375 0.8125 0.13046875 0.1171875
2 0.69375 0.78671875 0.07421875 0.11640625
2 0.78515625 0.70546875 0.13515625 0.07578125