1 0.45625 0.7703125 0.09296875 0.1
1 0.16796875 0.5125 0.11171875 0.0828125
1 0.64375 0.40546875 0.09375 0.1015625
1 0.18671875 0.165625 0.1 0.08046875
1 0.29140625 0.63515625 0.11015625 0.0671875
1 0.28984375 0.5109375 0.07734375 0.06953125
1 0.25703125 0.40546875 0.09375 0.08828125
1 0.65 0.5375 0.10625 0.07578125
1 0.03125 0.1953125 0.0625 0.09375
1 0.55859375 0.76953125 0.10390625 0.1078125
1 0.1890625 0.875 0.09296875 0.0984375
1 0.16171875 0.40546875 0.109375 0.09609375
1 0.34765625 0.7640625 0.10078125 0.0828125
1 0.17578125 0.071875 0.0875 0.07265625
1 0.75859375 0.28984375 0.0859375 0.09609375
1 0.3703125 0.16640625 0.12890625 0.11484375
1 0.02734375 0.96171875 0.0546875 0.0703125
1 0.56328125 0.28515625 0.065625 0.08828125
1 0.54921875 0.5296875 0.09453125 0.115625
1 0.665625 0.15625 0.1125 0.09453125
1 0.55 0.8796875 0.08125 0.065625
1 0.4515625 0.4015625 0.10625 0.08671875
1 0.2984375 0.290625 0.109375 0.08671875
1 0.5578125 0.1625 0.10390625 0.08359375
1 0.353125 0.4109375 0.084375 0.08046875
1 0.73671875 0.81015625 0.084375 0.0921875
1 0.4734375 0.28125 0.10078125 0.08359375
1 0.3796875 0.63046875 0.06015625 0.07421875
1 0.75078125 0.440625 0.1125 0.09765625
1 0.0109375 0.5234375 0.021875 0.071875
1 0.43828125 0.97578125 0.09765625 0.04765625
1 0.75625 0.06875 0.05546875 0.0734375
1 0.7515625 0.565625 0.06875 0.046875
1 0.02109375 0.30078125 0.0421875 0.0859375
1 0.659375 0.05546875 0.1 0.1109375
1 0.5421875 0.4078125 0.0765625 0.07578125
1 0.09921875 0.62265625 0.1375 0.1109375
1 0.39453125 0.271875 0.0578125 0.059375
1 0.65078125 0.7890625 0.07890625 0.075
1 0.4640625 0.65859375 0.11015625 0.0859375
1 0.1515625 0.75625 0.0984375 0.11484375
1 0.25234375 0.965625 0.0828125 0.06796875
1 0.24296875 0.75234375 0.08984375 0.09609375
1 0.44453125 0.52890625 0.1203125 0.0765625
1 0.11796875 0.52109375 0.10078125 0.06875
1 0.10078125 0.178125 0.05078125 0.0703125
1 0.4625 0.046875 0.13125 0.09375
1 0.01015625 0.771875 0.0203125 0.1
1 0.76328125 0.1734375 0.07265625 0.05703125
1 0.60390625 0.66640625 0.13671875 0.07890625
1 0.29375 0.05078125 0.15078125 0.06640625
1 0.046875 0.09140625 0.09375 0.0609375
1 0.0171875 0.4265625 0.03359375 0.0921875
1 0.13515625 0.2953125 0.109375 0.06640625
1 0.14765625 0.96640625 0.13828125 0.0671875
1 0.3453125 0.86875 0.17421875 0.05625
1 0.70703125 0.91328125 0.06328125 0.0453125