1 0.41875 0.42109375 0.07890625 0.075
1 0.55703125 0.8375 0.06875 0.0765625
1 0.55546875 0.6984375 0.08125 0.07421875
1 0.50859375 0.2875 0.0703125 0.0984375
1 0.2828125 0.52265625 0.07421875 0.08984375
1 0.54921875 0.584375 0.1015625 0.16484375
1 0.54140625 0.48984375 0.07109375 0.06953125
1 0.02890625 0.3109375 0.05703125 0.1109375
1 0.7109375 0.696875 0.0921875 0.090625
1 0.12734375 0.3375 0.08984375 0.09921875
1 0.0203125 0.2125 0.03984375 0.09921875
1 0.49375 0.2140625 0.0984375 0.06875
1 0.1390625 0.54140625 0.10703125 0.109375
1 0.421875 0.63203125 0.0875 0.0890625
1 0.090625 0.0703125 0.10546875 0.103125
1 0.52265625 0.39375 0.07734375 0.08515625
1 0.2203125 0.06953125 0.1015625 0.115625
1 0.759375 0.21796875 0.12578125 0.08828125
1 0.7921875 0.33203125 0.09921875 0.06875
1 0.98125 0.1515625 0.0375 0.059375
1 0.28671875 0.62890625 0.115625 0.10703125
1 0.02734375 0.79140625 0.05390625 0.1296875
1 0.18515625 0.8875 0.1203125 0.13125
1 0.1609375 0.7640625 0.1515625 0.1015625
1 0.29453125 0.76015625 0.1015625 0.0875
1 0.3140625 0.86015625 0.10234375 0.14140625
1 0.14609375 0.6484375 0.153125 0.1328125
1 0.0453125 0.41484375 0.090625 0.1171875
1 0.0171875 0.54609375 0.03359375 0.109375
1 0.12109375 0.215625 0.13125 0.13984375
1 0.2734375 0.3015625 0.1328125 0.1234375
1 0.27109375 0.40234375 0.15859375 0.13828125
1 0.34296875 0.109375 0.09296875 0.0953125
1 0.3390625 0.034375 0.08828125 0.06796875
1 0.3703125 0.1875 0.06953125 0.0953125
1 0.396875 0.2984375 0.121875 0.14296875
1 0.46796875 0.11953125 0.1015625 0.096875
1 0.44609375 0.03515625 0.125 0.06953125
1 0.6859375 0.5796875 0.12421875 0.121875
1 0.6828125 0.80390625 0.1109375 0.1203125
1 0.68828125 0.4359375 0.084375 0.17109375
1 0.640625 0.3234375 0.1046875 0.16484375
1 0.62578125 0.159375 0.1 0.13828125
1 0.5640625 0.0390625 0.12890625 0.078125
1 0.703125 0.090625 0.125 0.1140625
1 0.71328125 0.0203125 0.1390625 0.040625
1 0.83046875 0.43515625 0.1078125 0.07421875
1 0.82109375 0.55625 0.07265625 0.13984375
1 0.840625 0.67578125 0.12265625 0.0890625
1 0.83671875 0.78828125 0.115625 0.13671875
1 0.9734375 0.7890625 0.053125 0.15859375
1 0.96328125 0.65390625 0.07265625 0.125
1 0.95546875 0.54765625 0.0890625 0.10625
1 0.9484375 0.45390625 0.103125 0.0984375
1 0.93828125 0.35234375 0.0921875 0.1203125
1 0.91484375 0.2421875 0.0953125 0.103125
1 0.884375 0.125 0.14453125 0.115625
1 0.8546875 0.02890625 0.1109375 0.05703125
1 0.97265625 0.05859375 0.0546875 0.1171875
1 0.421875 0.52421875 0.140625 0.10625
1 0.43203125 0.7515625 0.09921875 0.07890625
1 0.45078125 0.85546875 0.08359375 0.13125