1 0.4890625 0.27109375 0.078125 0.0625
1 0.31484375 0.33984375 0.08046875 0.08671875
1 0.8515625 0.31171875 0.1109375 0.0859375
1 0.68359375 0.26015625 0.0921875 0.0640625
1 0.4875 0.346875 0.10546875 0.0734375
1 0.53125 0.51328125 0.10625 0.11015625
1 0.0375 0.12890625 0.07421875 0.06328125
1 0.05546875 0.19296875 0.1109375 0.059375
1 0.015625 0.284375 0.03125 0.03984375
1 0.153125 0.1734375 0.06640625 0.053125
1 0.1640625 0.23828125 0.10859375 0.07734375
1 0.16796875 0.30625 0.09453125 0.06796875
1 0.1546875 0.37109375 0.08359375 0.07109375
1 0.10703125 0.48125 0.10078125 0.0515625
1 0.09609375 0.6375 0.16953125 0.07265625
1 0.32265625 0.61640625 0.16796875 0.103125
1 0.3109375 0.7046875 0.14921875 0.09453125
1 0.30859375 0.7984375 0.13984375 0.0734375
1 0.515625 0.83984375 0.15 0.10546875
1 0.68984375 0.8328125 0.14140625 0.115625
1 0.5390625 0.7265625 0.11484375 0.05546875
1 0.67734375 0.74140625 0.0828125 0.0640625
1 0.3375 0.4859375 0.10703125 0.0828125
1 0.33125 0.41796875 0.1640625 0.04453125
1 0.51328125 0.4234375 0.09296875 0.05859375
1 0.4640625 0.17109375 0.1015625 0.08359375
1 0.6546875 0.18125 0.12109375 0.078125
1 0.68828125 0.334375 0.10703125 0.06484375
1 0.7046875 0.44375 0.090625 0.05390625
1 0.690625 0.5359375 0.12421875 0.0765625
1 0.725 0.62578125 0.10859375 0.12109375
1 0.896875 0.7765625 0.11953125 0.09375
1 0.88984375 0.8390625 0.134375 0.09375
1 0.9203125 0.66015625 0.084375 0.10546875
1 0.89453125 0.534375 0.16015625 0.10390625
1 0.8609375 0.3984375 0.12421875 0.06484375
1 0.8328125 0.2375 0.12734375 0.053125
1 0.8203125 0.1765625 0.1421875 0.0515625
1 0.96953125 0.20234375 0.0609375 0.0703125