1 0.53671875 0.38828125 0.0765625 0.06328125
1 0.15625 0.3828125 0.09609375 0.0765625
1 0.34765625 0.365625 0.10703125 0.103125
1 0.70703125 0.33203125 0.14453125 0.0890625
1 0.51171875 0.7296875 0.09375 0.07578125
1 0.66875 0.4203125 0.14609375 0.07421875
1 0.13125 0.471875 0.1390625 0.1
1 0.16875 0.30546875 0.1046875 0.0890625
1 0.49453125 0.5625 0.134375 0.09453125
1 0.89453125 0.45234375 0.13671875 0.08671875
1 0.690625 0.75078125 0.1296875 0.11171875
1 0.69609375 0.82734375 0.05546875 0.05234375
1 0.90390625 0.2578125 0.10859375 0.11875
1 0.51328125 0.2453125 0.1453125 0.08671875
1 0.3296875 0.4765625 0.18203125 0.09609375
1 0.3078125 0.57109375 0.1375 0.08203125
1 0.3203125 0.64140625 0.1375 0.06171875
1 0.04609375 0.38515625 0.0921875 0.12421875
1 0.125 0.690625 0.1546875 0.13203125
1 0.321875 0.753125 0.15625 0.13203125
1 0.17578125 0.88359375 0.1296875 0.13828125
1 0.34296875 0.87890625 0.128125 0.12890625
1 0.52578125 0.88828125 0.1578125 0.1265625
1 0.71328125 0.91875 0.14375 0.09375
1 0.878125 0.8359375 0.15625 0.09609375
1 0.8828125 0.71015625 0.15625 0.109375
1 0.68515625 0.57109375 0.11328125 0.09140625
1 0.840625 0.5640625 0.1421875 0.10625
1 0.03203125 0.8640625 0.0640625 0.140625
1 0.0265625 0.68515625 0.053125 0.153125
1 0.03359375 0.2859375 0.0671875 0.121875
1 0.49609375 0.64296875 0.0859375 0.10234375