2 0.74765625 0.6875 0.09921875 0.065625
2 0.9140625 0.66328125 0.128125 0.08203125
2 0.82734375 0.62578125 0.1015625 0.05390625
2 0.7828125 0.340625 0.0890625 0.05546875
2 0.64375 0.47109375 0.0734375 0.05859375
2 0.0953125 0.86328125 0.06796875 0.05
2 0.69375 0.3875 0.1109375 0.07265625
2 0.29140625 0.7421875 0.07734375 0.0703125
2 0.328125 0.1078125 0.0796875 0.075
2 0.4015625 0.0359375 0.09375 0.07109375
2 0.15546875 0.04296875 0.06796875 0.07109375
2 0.05703125 0.1296875 0.0984375 0.0609375
2 0.22890625 0.35390625 0.08515625 0.06953125
2 0.20390625 0.4765625 0.0953125 0.0609375
2 0.1015625 0.540625 0.08125 0.05859375
2 0.08515625 0.6265625 0.07421875 0.071875
2 0.3421875 0.6484375 0.071875 0.08125
2 0.6203125 0.57265625 0.0890625 0.06953125
2 0.40546875 0.46484375 0.0734375 0.078125
2 0.753125 0.77734375 0.0796875 0.07421875
2 0.08125 0.7203125 0.096875 0.078125
2 0.55 0.234375 0.09140625 0.08671875
2 0.7953125 0.2515625 0.09453125 0.07734375
2 0.784375 0.18046875 0.10078125 0.08515625
2 0.84609375 0.121875 0.07578125 0.0640625
2 0.26328125 0.2640625 0.0828125 0.06640625
2 0.496875 0.321875 0.0921875 0.053125
2 0.03671875 0.375 0.0734375 0.090625
2 0.87109375 0.5015625 0.05390625 0.0453125
2 0.928125 0.40390625 0.04609375 0.05625