1 0.9578125 0.4078125 0.084375 0.08984375
1 0.3078125 0.240625 0.0890625 0.0765625
1 0.1390625 0.22109375 0.10859375 0.115625
1 0.85078125 0.71796875 0.0875 0.09296875
1 0.4875 0.44296875 0.0875 0.09453125
1 0.13671875 0.44140625 0.0953125 0.0796875
1 0.82734375 0.60859375 0.08984375 0.06484375
1 0.8109375 0.234375 0.0671875 0.06640625
1 0.46171875 0.21875 0.0828125 0.07578125
1 0.5 0.66328125 0.05546875 0.08203125
1 0.68515625 0.50625 0.10234375 0.11171875
1 0.6390625 0.1 0.059375 0.0609375
1 0.50078125 0.77421875 0.07578125 0.07265625
1 0.465625 0.33125 0.08515625 0.096875
1 0.3109375 0.134375 0.09375 0.07578125
1 0.309375 0.065625 0.08828125 0.11015625
1 0.48046875 0.09765625 0.14453125 0.13046875
1 0.3046875 0.34921875 0.103125 0.09765625
1 0.3015625 0.475 0.11328125 0.11171875
1 0.109375 0.6734375 0.1484375 0.1359375
1 0.0984375 0.77734375 0.11015625 0.1015625
1 0.10703125 0.89765625 0.16171875 0.128125
1 0.29765625 0.92578125 0.146875 0.1484375
1 0.3 0.82578125 0.11875 0.13046875
1 0.29375 0.7109375 0.08671875 0.0921875
1 0.31796875 0.58671875 0.09375 0.08828125
1 0.50390625 0.928125 0.075 0.14375
1 0.69609375 0.85078125 0.0859375 0.1140625
1 0.690625 0.95859375 0.0875 0.0828125
1 0.83984375 0.84375 0.103125 0.09765625
1 0.86484375 0.9546875 0.09140625 0.090625
1 0.8375 0.51796875 0.08828125 0.1140625
1 0.82578125 0.4171875 0.09140625 0.0796875
1 0.8046875 0.121875 0.12109375 0.0921875
1 0.9671875 0.30546875 0.06484375 0.1046875