2 0.06171875 0.57421875 0.09921875 0.06015625
2 0.73046875 0.8953125 0.11953125 0.084375
2 0.4609375 0.259375 0.1078125 0.10078125
2 0.92734375 0.5703125 0.09609375 0.0640625
2 0.9453125 0.246875 0.10859375 0.07421875
2 0.2265625 0.58828125 0.134375 0.12578125
2 0.26796875 0.28984375 0.1265625 0.09375
2 0.5234375 0.71484375 0.11328125 0.13203125
2 0.77109375 0.7765625 0.16953125 0.1359375
2 0.16796875 0.878125 0.11328125 0.13359375
2 0.03203125 0.83671875 0.0640625 0.10625
2 0.7765625 0.4296875 0.11953125 0.11640625
2 0.925 0.44296875 0.134375 0.1140625
2 0.740625 0.603125 0.1578125 0.11171875
2 0.42109375 0.5609375 0.13359375 0.13359375
2 0.1 0.428125 0.0859375 0.1265625
2 0.4421875 0.43046875 0.0953125 0.11171875
2 0.2703125 0.39296875 0.17890625 0.09375
2 0.61796875 0.415625 0.11484375 0.0875
2 0.63671875 0.08671875 0.203125 0.1046875
2 0.29921875 0.109375 0.1015625 0.11640625
2 0.14453125 0.1328125 0.13046875 0.1515625
2 0.9390625 0.13046875 0.121875 0.1296875
2 0.7703125 0.25703125 0.17109375 0.09921875
2 0.8125 0.084375 0.11015625 0.1125
2 0.621875 0.246875 0.0859375 0.09375
2 0.55703125 0.57421875 0.12890625 0.1125
2 0.4359375 0.85 0.14140625 0.1265625
2 0.27421875 0.821875 0.08046875 0.12578125
2 0.17578125 0.73515625 0.14609375 0.08203125