1 0.83359375 0.171875 0.0859375 0.1078125
1 0.4890625 0.434375 0.0796875 0.05703125
1 0.7203125 0.7421875 0.07265625 0.0625
1 0.68671875 0.1609375 0.1234375 0.09140625
1 0.08046875 0.4234375 0.08828125 0.065625
1 0.459375 0.54140625 0.096875 0.084375
1 0.36171875 0.24375 0.103125 0.08671875
1 0.84296875 0.88828125 0.11328125 0.159375
1 0.86953125 0.73984375 0.04609375 0.1140625
1 0.9890625 0.77265625 0.02109375 0.11328125
1 0.8921875 0.54609375 0.0375 0.09375
1 0.93984375 0.3890625 0.03671875 0.08671875
1 0.95703125 0.259375 0.05390625 0.10234375
1 0.97890625 0.16484375 0.0421875 0.0859375
1 0.78671875 0.30625 0.0609375 0.1046875
1 0.7484375 0.553125 0.065625 0.11484375
1 0.06953125 0.0515625 0.07421875 0.06171875
1 0.35546875 0.61328125 0.09375 0.11328125
1 0.2015625 0.46328125 0.07265625 0.090625
1 0.32109375 0.85390625 0.06171875 0.10546875
1 0.17578125 0.8421875 0.1171875 0.0546875
1 0.178125 0.94140625 0.06484375 0.0796875
1 0.05 0.896875 0.0375 0.078125
1 0.4625 0.809375 0.10234375 0.090625
1 0.471875 0.6515625 0.05859375 0.0796875
1 0.5265625 0.271875 0.07109375 0.09296875
1 0.07578125 0.15546875 0.08125 0.1609375
1 0.6921875 0.859375 0.09375 0.12578125
1 0.67421875 0.328125 0.1015625 0.1328125
1 0.79296875 0.46171875 0.0734375 0.07890625
1 0.57890625 0.69609375 0.0734375 0.13515625
1 0.30703125 0.94453125 0.0875 0.05859375
1 0.37421875 0.37421875 0.08515625 0.10078125
1 0.60390625 0.48671875 0.05234375 0.07265625
1 0.22265625 0.19296875 0.0890625 0.17890625
1 0.20078125 0.36640625 0.06875 0.09453125
1 0.06171875 0.29765625 0.09765625 0.103125
1 0.05390625 0.54765625 0.09921875 0.0890625
1 0.071875 0.64140625 0.12578125 0.11640625
1 0.18984375 0.684375 0.0546875 0.1046875
1 0.70078125 0.9703125 0.07109375 0.059375
1 0.81328125 0.97734375 0.0828125 0.0453125
1 0.96171875 0.8609375 0.07578125 0.103125
1 0.56875 0.96328125 0.06875 0.07265625
1 0.5625 0.83984375 0.053125 0.0609375