2 0.5796875 0.79765625 0.09921875 0.06875
2 0.73125 0.51875 0.10625 0.0640625
2 0.7015625 0.421875 0.11484375 0.0609375
2 0.45625 0.3578125 0.17578125 0.0640625
2 0.1734375 0.20625 0.13828125 0.0796875
2 0.7734375 0.84921875 0.0890625 0.0578125
2 0.58828125 0.28046875 0.0984375 0.05625
2 0.115625 0.82734375 0.1328125 0.08125
2 0.0296875 0.49453125 0.059375 0.0703125
2 0.3625 0.8140625 0.0953125 0.06953125
2 0.38828125 0.4296875 0.10078125 0.04609375
2 0.53046875 0.675 0.11328125 0.0796875
2 0.69140625 0.3171875 0.1328125 0.08828125
2 0.828125 0.0296875 0.07421875 0.05703125
2 0.49140625 0.46015625 0.11328125 0.07578125
2 0.96015625 0.58203125 0.07890625 0.0921875
2 0.50078125 0.5875 0.16640625 0.06875
2 0.03515625 0.25234375 0.0703125 0.03984375
2 0.28515625 0.59609375 0.11328125 0.0640625
2 0.46015625 0.35 0.11015625 0.0421875
2 0.4125 0.20859375 0.1859375 0.1015625
2 0.90625 0.18984375 0.16796875 0.09140625
2 0.21640625 0.334375 0.15234375 0.10625
2 0.93203125 0.325 0.103125 0.09453125
2 0.74140625 0.6390625 0.07890625 0.109375
2 0.78359375 0.7578125 0.0859375 0.10546875
2 0.96640625 0.7171875 0.0671875 0.1
2 0.38828125 0.890625 0.10234375 0.0921875
2 0.33984375 0.7234375 0.1109375 0.0875
2 0.10625 0.7109375 0.09765625 0.0546875
2 0.07421875 0.6109375 0.090625 0.08984375
2 0.25390625 0.459375 0.09453125 0.09921875
2 0.95078125 0.8859375 0.09765625 0.1