1 0.284375 0.4296875 0.0890625 0.10234375
1 0.06875 0.60078125 0.1078125 0.096875
1 0.29765625 0.03359375 0.09609375 0.0671875
1 0.9625 0.73828125 0.075 0.0921875
1 0.9625 0.35390625 0.075 0.090625
1 0.05390625 0.92890625 0.1046875 0.0921875
1 0.76015625 0.8921875 0.09140625 0.0625
1 0.815625 0.3171875 0.12109375 0.0953125
1 0.9453125 0.91015625 0.10078125 0.0671875
1 0.16796875 0.3171875 0.10546875 0.08359375
1 0.77734375 0.72578125 0.09609375 0.08515625
1 0.2796875 0.5859375 0.10625 0.1125
1 0.06953125 0.7359375 0.1234375 0.10859375
1 0.796875 0.18828125 0.13125 0.11640625
1 0.55390625 0.87109375 0.0875 0.0984375
1 0.8625 0.609375 0.096875 0.0859375
1 0.38203125 0.57578125 0.0765625 0.0859375
1 0.66015625 0.8640625 0.0875 0.08046875
1 0.859375 0.8609375 0.0875 0.1
1 0.671875 0.1671875 0.1140625 0.1265625
1 0.56328125 0.159375 0.08828125 0.071875
1 0.82265625 0.1 0.10234375 0.05703125
1 0.97578125 0.09765625 0.0484375 0.0796875
1 0.95234375 0.23359375 0.0953125 0.12421875
1 0.20234375 0.9140625 0.1 0.12265625
1 0.68125 0.303125 0.10703125 0.08984375
1 0.15390625 0.44296875 0.15234375 0.11875
1 0.5515625 0.04375 0.215625 0.0875
1 0.96328125 0.6171875 0.0734375 0.10703125
1 0.90703125 0.99296875 0.1859375 0.01328125
1 0.52265625 0.43359375 0.1203125 0.07421875
1 0.3953125 0.42578125 0.1171875 0.103125
1 0.53203125 0.721875 0.2859375 0.15625
1 0.31953125 0.7140625 0.09765625 0.103125
1 0.26640625 0.1765625 0.1859375 0.11328125
1 0.06015625 0.1796875 0.1203125 0.128125
1 0.06328125 0.3 0.1265625 0.1265625