1 0.19921875 0.13203125 0.1421875 0.13828125
1 0.20625 0.31328125 0.11796875 0.10078125
1 0.58125 0.14921875 0.12890625 0.13125
1 0.55546875 0.45546875 0.096875 0.0921875
1 0.06328125 0.25078125 0.12578125 0.14921875
1 0.7625 0.30390625 0.15703125 0.1015625
1 0.709375 0.75859375 0.071875 0.07109375
1 0.0640625 0.428125 0.128125 0.125
1 0.9515625 0.19375 0.096875 0.06953125
1 0.78046875 0.15 0.1171875 0.1015625
1 0.57109375 0.34609375 0.1484375 0.09296875
1 0.9390625 0.334375 0.121875 0.1234375
1 0.72734375 0.48515625 0.09453125 0.1125
1 0.41640625 0.240625 0.10234375 0.09921875
1 0.2609375 0.92265625 0.08828125 0.08125
1 0.4203125 0.7625 0.11796875 0.0859375
1 0.06484375 0.5171875 0.10390625 0.109375
1 0.58359375 0.81171875 0.13671875 0.10234375
1 0.39453125 0.59140625 0.19765625 0.075
1 0.21328125 0.42265625 0.125 0.10859375
1 0.384375 0.34296875 0.165625 0.1
1 0.06953125 0.75625 0.1390625 0.10703125
1 0.08671875 0.89375 0.15546875 0.128125
1 0.44375 0.92265625 0.1359375 0.10859375
1 0.86796875 0.86796875 0.134375 0.08046875