1 0.59921875 0.7359375 0.1046875 0.10234375
1 0.6828125 0.47421875 0.09453125 0.08359375
1 0.1671875 0.78828125 0.10390625 0.0859375
1 0.6890625 0.390625 0.09453125 0.08125
1 0.0203125 0.68671875 0.03984375 0.08203125
1 0.64296875 0.57890625 0.12265625 0.090625
1 0.30703125 0.459375 0.1421875 0.11171875
1 0.92265625 0.2359375 0.10390625 0.07421875
1 0.87734375 0.4765625 0.090625 0.1078125
1 0.72890625 0.171875 0.07578125 0.06640625
1 0.74453125 0.2359375 0.13984375 0.0625
1 0.7046875 0.3015625 0.10234375 0.05234375
1 0.54296875 0.21171875 0.0796875 0.10546875
1 0.534375 0.30390625 0.0828125 0.065625
1 0.90625 0.3140625 0.1375 0.0671875
1 0.91796875 0.37890625 0.0734375 0.0515625
1 0.890625 0.5625 0.14140625 0.05234375
1 0.8546875 0.6484375 0.06171875 0.0890625
1 0.8015625 0.7453125 0.11484375 0.08828125
1 0.7921875 0.81484375 0.07734375 0.0765625
1 0.60234375 0.8453125 0.07890625 0.09765625
1 0.62578125 0.64453125 0.09609375 0.0796875
1 0.48359375 0.5375 0.0890625 0.0796875
1 0.41171875 0.6125 0.134375 0.06015625
1 0.3796875 0.71640625 0.1109375 0.0734375
1 0.2203125 0.640625 0.11484375 0.09140625
1 0.3703125 0.18671875 0.07578125 0.05859375
1 0.3390625 0.30703125 0.12265625 0.05625
1 0.36015625 0.38203125 0.128125 0.065625
1 0.1625 0.175 0.13359375 0.0796875
1 0.134375 0.32734375 0.09375 0.08125
1 0.09296875 0.50234375 0.1484375 0.05
1 0.0609375 0.5953125 0.11640625 0.0671875
1 0.35234375 0.81640625 0.12265625 0.05859375
1 0.2703125 0.55078125 0.090625 0.06328125
1 0.5 0.4328125 0.08515625 0.046875