1 0.70546875 0.43515625 0.07734375 0.075
1 0.9421875 0.4109375 0.0609375 0.084375
1 0.578125 0.7453125 0.08515625 0.0625
1 0.2953125 0.69375 0.06484375 0.0703125
1 0.52734375 0.025 0.09765625 0.04921875
1 0.04609375 0.6625 0.08984375 0.06953125
1 0.82421875 0.3890625 0.11015625 0.0890625
1 0.04296875 0.79140625 0.07109375 0.08671875
1 0.18125 0.76328125 0.1390625 0.09375
1 0.31875 0.8421875 0.07421875 0.06328125
1 0.46328125 0.8109375 0.071875 0.11015625
1 0.159375 0.94609375 0.078125 0.0984375
1 0.02421875 0.92890625 0.04765625 0.12421875
1 0.175 0.64921875 0.08203125 0.09140625
1 0.0515625 0.5578125 0.084375 0.12421875
1 0.22890625 0.40859375 0.07578125 0.075
1 0.3125 0.39921875 0.06953125 0.06484375
1 0.46015625 0.55234375 0.08515625 0.1171875
1 0.5953125 0.609375 0.06015625 0.0875
1 0.57734375 0.48984375 0.0546875 0.0875
1 0.709375 0.5703125 0.0484375 0.11171875
1 0.72578125 0.74765625 0.08125 0.0796875
1 0.7640625 0.93515625 0.08203125 0.12734375
1 0.878125 0.75625 0.0609375 0.14375
1 0.928125 0.90859375 0.0984375 0.103125
1 0.9609375 0.55859375 0.078125 0.10546875
1 0.86640625 0.55546875 0.065625 0.0765625
1 0.9375 0.28671875 0.11796875 0.10703125
1 0.09140625 0.4265625 0.0796875 0.1
1 0.06953125 0.30078125 0.059375 0.11015625
1 0.2109375 0.2703125 0.08125 0.08984375
1 0.10078125 0.15390625 0.0796875 0.0890625
1 0.20390625 0.18359375 0.10390625 0.08515625
1 0.34453125 0.2171875 0.08125 0.12421875
1 0.203125 0.046875 0.07734375 0.0890625
1 0.42265625 0.053125 0.078125 0.10390625
1 0.51328125 0.15234375 0.07578125 0.109375
1 0.64140625 0.1234375 0.0953125 0.08125
1 0.64921875 0.19296875 0.07734375 0.08125
1 0.55859375 0.3859375 0.05703125 0.08671875
1 0.446875 0.384375 0.0625 0.06953125
1 0.74375 0.046875 0.09921875 0.09375
1 0.6296875 0.03359375 0.0640625 0.06484375
1 0.78984375 0.18203125 0.078125 0.06328125
1 0.925 0.15703125 0.07578125 0.0828125
1 0.87734375 0.03203125 0.0515625 0.0640625
1 0.47421875 0.9484375 0.0671875 0.07265625