2 0.74453125 0.16796875 0.1046875 0.0703125
2 0.3265625 0.52890625 0.15234375 0.1046875
2 0.0859375 0.803125 0.12734375 0.08125
2 0.69609375 0.4296875 0.11640625 0.0828125
2 0.7328125 0.29609375 0.09765625 0.071875
2 0.9515625 0.57734375 0.08046875 0.04765625
2 0.2546875 0.0796875 0.1 0.06640625
2 0.2953125 0.6984375 0.12578125 0.09609375
2 0.05 0.55625 0.1 0.07421875
2 0.6609375 0.74375 0.1671875 0.0921875
2 0.73671875 0.96171875 0.10625 0.06015625
2 0.903125 0.1953125 0.1046875 0.0703125
2 0.23046875 0.21953125 0.13984375 0.09609375
2 0.6 0.8984375 0.15546875 0.1484375
2 0.39140625 0.9 0.1390625 0.0734375
2 0.19453125 0.88671875 0.11953125 0.1171875
2 0.44609375 0.734375 0.14609375 0.09609375
2 0.50859375 0.55 0.14765625 0.134375
2 0.825 0.49375 0.15390625 0.0875
2 0.675 0.575 0.115625 0.12734375
2 0.55703125 0.3640625 0.12578125 0.07890625
2 0.38515625 0.37890625 0.1421875 0.08828125
2 0.1609375 0.51015625 0.09453125 0.0921875
2 0.08515625 0.66484375 0.10625 0.10703125
2 0.59296875 0.26171875 0.09765625 0.13125
2 0.0390625 0.2265625 0.078125 0.11875
2 0.41875 0.084375 0.09453125 0.1234375
2 0.584375 0.08828125 0.134375 0.1109375
2 0.890625 0.06328125 0.15390625 0.07890625
2 0.2046875 0.3578125 0.09609375 0.06328125
2 0.1140625 0.0484375 0.09765625 0.09609375