1 0.42109375 0.70390625 0.09921875 0.096875
1 0.34140625 0.45546875 0.08984375 0.0796875
1 0.83046875 0.75390625 0.0984375 0.08203125
1 0.3359375 0.37578125 0.08984375 0.07734375
1 0.97578125 0.6578125 0.0484375 0.07734375
1 0.3796875 0.5546875 0.11640625 0.0859375
1 0.69765625 0.44140625 0.13515625 0.10546875
1 0.1140625 0.2296875 0.0984375 0.0703125
1 0.15703125 0.4578125 0.0859375 0.10234375
1 0.29765625 0.16875 0.071875 0.0625
1 0.2828125 0.2296875 0.1328125 0.059375
1 0.32109375 0.29140625 0.09765625 0.04921875
1 0.47421875 0.20625 0.07578125 0.1
1 0.48203125 0.29375 0.078125 0.06171875
1 0.1296875 0.303125 0.13046875 0.0640625
1 0.11796875 0.365625 0.06953125 0.0484375
1 0.14453125 0.5390625 0.134375 0.04921875
1 0.178125 0.6203125 0.0578125 0.08515625
1 0.22890625 0.7125 0.10859375 0.08359375
1 0.2375 0.778125 0.0734375 0.07265625
1 0.41796875 0.80703125 0.075 0.0921875
1 0.39609375 0.6171875 0.09140625 0.075
1 0.53046875 0.515625 0.08515625 0.075
1 0.59921875 0.58671875 0.128125 0.05703125
1 0.6296875 0.68515625 0.1046875 0.06953125
1 0.78046875 0.61328125 0.10859375 0.08671875
1 0.63828125 0.1828125 0.071875 0.05546875
1 0.66796875 0.296875 0.11640625 0.053125
1 0.64765625 0.36796875 0.12109375 0.06171875
1 0.83515625 0.171875 0.1265625 0.075
1 0.86171875 0.315625 0.08828125 0.07734375
1 0.9015625 0.48203125 0.140625 0.04765625
1 0.93203125 0.5703125 0.11015625 0.0640625
1 0.65546875 0.78046875 0.11640625 0.05546875
1 0.7328125 0.528125 0.0859375 0.06015625
1 0.51484375 0.415625 0.08125 0.04453125