1 0.88359375 0.196875 0.075 0.065625
1 0.8921875 0.90625 0.11171875 0.1390625
1 0.76875 0.19453125 0.084375 0.078125
1 0.02734375 0.496875 0.0546875 0.115625
1 0.63515625 0.35625 0.1 0.08515625
1 0.16328125 0.321875 0.09609375 0.096875
1 0.0828125 0.79765625 0.103125 0.0875
1 0.609375 0.971875 0.09296875 0.05625
1 0.865625 0.2765625 0.09140625 0.07578125
1 0.971875 0.22734375 0.05625 0.0890625
1 0.73359375 0.53359375 0.096875 0.1015625
1 0.74921875 0.35390625 0.1109375 0.1140625
1 0.8578125 0.42578125 0.096875 0.10390625
1 0.52421875 0.2484375 0.07421875 0.0796875
1 0.0828125 0.17578125 0.0796875 0.06875
1 0.971875 0.31328125 0.05625 0.0578125
1 0.9796875 0.37109375 0.040625 0.0890625
1 0.98671875 0.44609375 0.0265625 0.0859375
1 0.971875 0.56484375 0.05546875 0.0765625
1 0.9765625 0.76328125 0.046875 0.08203125
1 0.9890625 0.85546875 0.021875 0.1328125
1 0.87421875 0.77109375 0.125 0.146875
1 0.8578125 0.621875 0.103125 0.128125
1 0.8546875 0.5265625 0.1015625 0.10078125
1 0.721875 0.72109375 0.11484375 0.18359375
1 0.74453125 0.859375 0.103125 0.11328125
1 0.75 0.95234375 0.15 0.0953125
1 0.61875 0.8421875 0.0890625 0.13515625
1 0.61484375 0.609375 0.11484375 0.18203125
1 0.62578125 0.44375 0.0625 0.07109375
1 0.6421875 0.26796875 0.078125 0.09296875
1 0.6453125 0.19921875 0.07578125 0.065625
1 0.5171875 0.16875 0.1015625 0.059375
1 0.49140625 0.33984375 0.06328125 0.06875
1 0.4875 0.52734375 0.1125 0.128125
1 0.4984375 0.43828125 0.1 0.08125
1 0.48515625 0.63359375 0.1328125 0.11953125
1 0.4953125 0.74453125 0.09765625 0.103125
1 0.48828125 0.94765625 0.09375 0.1046875
1 0.3296875 0.9546875 0.09765625 0.08984375
1 0.34375 0.87734375 0.10546875 0.10625
1 0.328125 0.79375 0.0765625 0.09609375
1 0.36328125 0.70078125 0.09140625 0.09609375
1 0.3421875 0.59765625 0.05234375 0.08359375
1 0.34453125 0.49453125 0.0859375 0.09921875
1 0.3578125 0.403125 0.07734375 0.1
1 0.3828125 0.3078125 0.07265625 0.10078125
1 0.39296875 0.2359375 0.0828125 0.065625
1 0.30234375 0.16953125 0.075 0.07890625
1 0.2828125 0.30625 0.08046875 0.0984375
1 0.26171875 0.38359375 0.075 0.06171875
1 0.25390625 0.45625 0.0765625 0.0703125
1 0.2171875 0.62265625 0.10390625 0.1046875
1 0.234375 0.553125 0.059375 0.04609375
1 0.190625 0.7234375 0.0609375 0.1015625
1 0.18515625 0.85546875 0.08671875 0.08125
1 0.20546875 0.95234375 0.0796875 0.09453125
1 0.0859375 0.8609375 0.08671875 0.05703125
1 0.0859375 0.9296875 0.09921875 0.09765625
1 0.084375 0.69765625 0.0625 0.11015625
1 0.1046875 0.5953125 0.06875 0.0984375
1 0.1109375 0.48828125 0.07109375 0.1046875
1 0.14296875 0.40078125 0.08515625 0.1
1 0.17109375 0.234375 0.07890625 0.10390625
1 0.17578125 0.16640625 0.075 0.08359375
1 0.015625 0.146875 0.03125 0.084375
1 0.06796875 0.24453125 0.08515625 0.09609375
1 0.04296875 0.36875 0.0859375 0.140625
1 0.01484375 0.6328125 0.0296875 0.165625