1 0.82734375 0.2546875 0.10546875 0.09765625
1 0.96015625 0.48359375 0.0796875 0.0734375
1 0.1640625 0.49921875 0.06015625 0.11875
1 0.3140625 0.48046875 0.1171875 0.09140625
1 0.33515625 0.6359375 0.09140625 0.14921875
1 0.30390625 0.8390625 0.06796875 0.08828125
1 0.31640625 0.97421875 0.071875 0.0515625
1 0.15 0.79140625 0.0625 0.09140625
1 0.4921875 0.73984375 0.11171875 0.08984375
1 0.6375 0.84609375 0.10078125 0.16953125
1 0.78046875 0.834375 0.07734375 0.1203125
1 0.7234375 0.959375 0.0640625 0.08046875
1 0.92109375 0.9859375 0.1203125 0.028125
1 0.9015625 0.8984375 0.05 0.09453125
1 0.9359375 0.3109375 0.128125 0.19375
1 0.78203125 0.38515625 0.046875 0.0796875
1 0.65390625 0.3203125 0.06953125 0.15390625
1 0.62109375 0.59140625 0.0609375 0.115625
1 0.48203125 0.5890625 0.05546875 0.08671875
1 0.61171875 0.7046875 0.14765625 0.115625
1 0.471875 0.46015625 0.07421875 0.08671875
1 0.4734375 0.3515625 0.09296875 0.11171875
1 0.02421875 0.490625 0.0484375 0.12890625
1 0.171875 0.321875 0.0953125 0.08984375
1 0.18984375 0.21484375 0.05 0.07265625
1 0.05 0.34921875 0.09921875 0.121875
1 0.08671875 0.10078125 0.096875 0.14375
1 0.2109375 0.0765625 0.05703125 0.065625
1 0.04140625 0.22890625 0.06953125 0.084375
1 0.78046875 0.4890625 0.084375 0.13359375
1 0.89375 0.7578125 0.05546875 0.0625
1 0.165625 0.61640625 0.04609375 0.06953125
1 0.39296875 0.09375 0.04765625 0.07109375
1 0.35234375 0.30546875 0.028125 0.16640625