1 0.59140625 0.4546875 0.10859375 0.10546875
1 0.71015625 0.45078125 0.08671875 0.07109375
1 0.2640625 0.2421875 0.05703125 0.053125
1 0.03671875 0.34296875 0.0734375 0.08125
1 0.09765625 0.45546875 0.09765625 0.090625
1 0.14921875 0.284375 0.084375 0.09453125
1 0.47265625 0.515625 0.09453125 0.09609375
1 0.4859375 0.42421875 0.090625 0.071875
1 0.478125 0.62734375 0.09609375 0.1359375
1 0.26328125 0.1796875 0.09453125 0.06796875
1 0.35234375 0.39921875 0.06875 0.08984375
1 0.22265625 0.3875 0.11796875 0.10546875
1 0.2734375 0.09609375 0.09765625 0.10625
1 0.95546875 0.6234375 0.0890625 0.10625
1 0.046875 0.2671875 0.0640625 0.06953125
1 0.36953125 0.3 0.09296875 0.0890625
1 0.96796875 0.440625 0.0640625 0.0953125
1 0.33984375 0.6 0.13125 0.11328125
1 0.95703125 0.5234375 0.0859375 0.065625
1 0.015625 0.090625 0.03046875 0.0875
1 0.35 0.50078125 0.11328125 0.11484375
1 0.70234375 0.57265625 0.0890625 0.103125
1 0.221875 0.590625 0.08984375 0.084375
1 0.3890625 0.1265625 0.07890625 0.08203125
1 0.096875 0.8390625 0.0921875 0.1109375
1 0.0859375 0.19609375 0.0953125 0.09453125
1 0.69765625 0.6046875 0.11484375 0.153125
1 0.9765625 0.95703125 0.046875 0.0859375
1 0.71875 0.20234375 0.07265625 0.08203125
1 0.4796875 0.33359375 0.07890625 0.08984375
1 0.3703125 0.21640625 0.09296875 0.090625
1 0.2265625 0.478125 0.115625 0.12109375
1 0.09296875 0.72265625 0.12109375 0.153125
1 0.33984375 0.7296875 0.12421875 0.12421875
1 0.36796875 0.934375 0.1046875 0.13125
1 0.4828125 0.83671875 0.07265625 0.10390625
1 0.60234375 0.878125 0.11953125 0.215625
1 0.74609375 0.91875 0.09921875 0.14296875
1 0.8734375 0.91484375 0.0828125 0.15078125
1 0.971875 0.859375 0.05625 0.128125
1 0.96796875 0.76484375 0.0640625 0.134375
1 0.965625 0.30546875 0.06328125 0.08828125
1 0.9640625 0.23984375 0.0578125 0.059375
1 0.8328125 0.2625 0.08359375 0.18203125
1 0.85625 0.69921875 0.0765625 0.10390625
1 0.8640625 0.809375 0.075 0.07265625
1 0.825 0.60859375 0.09296875 0.0921875
1 0.7234375 0.82109375 0.12109375 0.08359375
1 0.7359375 0.75234375 0.06953125 0.09375
1 0.59140625 0.3015625 0.0859375 0.12421875