1 0.42578125 0.73828125 0.14609375 0.10625
1 0.246875 0.33203125 0.1109375 0.115625
1 0.41875 0.3671875 0.0921875 0.11015625
1 0.70625 0.07109375 0.10390625 0.11484375
1 0.96640625 0.05 0.0671875 0.09921875
1 0.98515625 0.4078125 0.0296875 0.1234375
1 0.11015625 0.59453125 0.0828125 0.1015625
1 0.88125 0.33046875 0.09453125 0.08671875
1 0.2640625 0.0796875 0.0703125 0.0828125
1 0.11953125 0.1390625 0.12578125 0.128125
1 0.38046875 0.21171875 0.10703125 0.0828125
1 0.41015625 0.11171875 0.06328125 0.06640625
1 0.5828125 0.18671875 0.0921875 0.1078125
1 0.68984375 0.16953125 0.08125 0.08046875
1 0.7140625 0.27578125 0.1 0.12421875
1 0.665625 0.38828125 0.11484375 0.059375
1 0.57265625 0.4515625 0.11484375 0.134375
1 0.73125 0.51484375 0.08125 0.071875
1 0.56640625 0.61328125 0.1328125 0.13125
1 0.7390625 0.6859375 0.0609375 0.20859375
1 0.5765625 0.77578125 0.1015625 0.1
1 0.48046875 0.92578125 0.17421875 0.146875
1 0.7421875 0.91171875 0.13515625 0.16171875
1 0.63828125 0.94609375 0.05703125 0.096875
1 0.9125 0.93046875 0.11875 0.1390625
1 0.9140625 0.784375 0.11640625 0.15078125
1 0.334375 0.93125 0.1125 0.12890625
1 0.8640625 0.13203125 0.09453125 0.2171875
1 0.9828125 0.2765625 0.034375 0.07578125
1 0.88125 0.51484375 0.11640625 0.240625
1 0.559375 0.33046875 0.06328125 0.06484375
1 0.4046875 0.53203125 0.09609375 0.06640625
1 0.278125 0.59609375 0.078125 0.0609375
1 0.271875 0.6921875 0.07265625 0.0625
1 0.31484375 0.46015625 0.11328125 0.08046875
1 0.12109375 0.2859375 0.0875 0.14921875
1 0.11953125 0.40859375 0.1203125 0.05546875
1 0.03671875 0.10546875 0.07265625 0.07890625
1 0.02890625 0.375 0.0578125 0.11796875
1 0.03671875 0.63046875 0.0734375 0.1234375
1 0.115625 0.74453125 0.1015625 0.096875
1 0.134375 0.88203125 0.11484375 0.0984375
1 0.1046875 0.98984375 0.06328125 0.01953125