2 0.40625 0.21015625 0.09453125 0.06484375
2 0.26328125 0.47421875 0.10078125 0.0609375
2 0.290625 0.56640625 0.109375 0.0578125
2 0.5234375 0.62734375 0.1671875 0.06015625
2 0.79140625 0.771875 0.13125 0.07578125
2 0.22265625 0.16171875 0.084375 0.0546875
2 0.39765625 0.70078125 0.09375 0.053125
2 0.846875 0.18203125 0.12578125 0.07734375
2 0.95078125 0.4984375 0.0984375 0.06640625
2 0.97890625 0.771875 0.0421875 0.06015625
2 0.6125 0.19453125 0.090625 0.06640625
2 0.58828125 0.559375 0.0953125 0.04375
2 0.453125 0.3265625 0.10703125 0.07578125
2 0.30078125 0.66640625 0.1265625 0.08359375
2 0.1703125 0.9390625 0.0703125 0.05390625
2 0.490625 0.53046875 0.10703125 0.071875
2 0.04140625 0.41484375 0.0828125 0.0875
2 0.48125 0.41015625 0.1578125 0.065625
2 0.934375 0.728125 0.08984375 0.0375
2 0.6859375 0.4015625 0.1078125 0.0609375
2 0.5203125 0.63515625 0.1046875 0.03984375
2 0.56484375 0.76953125 0.1765625 0.09609375
2 0.096875 0.78671875 0.159375 0.08671875
2 0.7515625 0.65 0.14453125 0.10078125
2 0.07265625 0.65859375 0.09765625 0.08984375
2 0.253125 0.3609375 0.075 0.103125
2 0.21328125 0.2484375 0.08125 0.1
2 0.0359375 0.28671875 0.071875 0.0953125
2 0.58828125 0.121875 0.09765625 0.0875
2 0.63359375 0.28046875 0.10546875 0.0828125
2 0.85546875 0.29296875 0.09296875 0.0515625
2 0.8859375 0.3875 0.0859375 0.08515625
2 0.715625 0.53125 0.0890625 0.09375
2 0.05078125 0.1265625 0.09921875 0.0953125