2 0.40546875 0.49140625 0.0984375 0.0578125
2 0.5546875 0.24453125 0.09296875 0.0625
2 0.921875 0.796875 0.11875 0.06875
2 0.1921875 0.4328125 0.10078125 0.084375
2 0.66484375 0.65390625 0.14453125 0.05703125
2 0.74765625 0.2375 0.09921875 0.06875
2 0.22265625 0.53359375 0.10234375 0.07265625
2 0.4546875 0.68046875 0.1171875 0.07734375
2 0.30703125 0.790625 0.11171875 0.06796875
2 0.584375 0.35546875 0.08828125 0.065625
2 0.5421875 0.17265625 0.103125 0.07421875
2 0.2296875 0.79453125 0.075 0.05859375
2 0.37578125 0.190625 0.078125 0.05546875
2 0.96171875 0.2390625 0.0765625 0.0640625
2 0.95234375 0.65859375 0.0953125 0.0453125
2 0.30390625 0.953125 0.06875 0.05703125
2 0.825 0.43828125 0.11171875 0.0640625
2 0.39765625 0.38984375 0.09453125 0.08046875
2 0.04921875 0.7453125 0.0984375 0.065625
2 0.66328125 0.7171875 0.0953125 0.0671875
2 0.78203125 0.32265625 0.078125 0.046875
2 0.721875 0.1703125 0.08828125 0.053125
2 0.05703125 0.93203125 0.0875 0.0734375
2 0.22109375 0.14765625 0.11171875 0.06484375
2 0.66796875 0.79375 0.10390625 0.0828125
2 0.42578125 0.79765625 0.10234375 0.0609375
2 0.1953125 0.31875 0.084375 0.065625
2 0.515625 0.6 0.1 0.05078125
2 0.76875 0.81875 0.1390625 0.08359375
2 0.5859375 0.45078125 0.0578125 0.05078125
2 0.640625 0.56640625 0.10546875 0.078125
2 0.86875 0.6765625 0.0984375 0.096875