1 0.87734375 0.7015625 0.1 0.09765625
1 0.13984375 0.603125 0.140625 0.096875
1 0.61328125 0.74140625 0.13046875 0.10625
1 0.15625 0.4453125 0.1484375 0.0796875
1 0.34609375 0.15390625 0.103125 0.0640625
1 0.73828125 0.31015625 0.1265625 0.08125
1 0.35625 0.26796875 0.10546875 0.07109375
1 0.15546875 0.6953125 0.13828125 0.09296875
1 0.6046875 0.653125 0.0984375 0.05703125
1 0.6078125 0.40703125 0.11640625 0.06015625
1 0.8421875 0.60703125 0.190625 0.1234375
1 0.80390625 0.5078125 0.19375 0.11328125
1 0.58046875 0.54765625 0.13125 0.1265625
1 0.778125 0.24375 0.14765625 0.09375
1 0.7703125 0.14140625 0.125 0.140625
1 0.6046875 0.09765625 0.1796875 0.0859375
1 0.5890625 0.18828125 0.15 0.06796875
1 0.57421875 0.25625 0.128125 0.09375
1 0.55625 0.3390625 0.153125 0.08046875
1 0.56171875 0.45546875 0.12578125 0.08671875
1 0.36171875 0.7515625 0.08671875 0.06796875
1 0.35546875 0.63359375 0.140625 0.0828125
1 0.3546875 0.546875 0.12890625 0.12109375
1 0.371875 0.46015625 0.178125 0.07265625
1 0.35 0.39453125 0.12578125 0.06640625
1 0.34375 0.321875 0.103125 0.09375
1 0.3390625 0.065625 0.121875 0.1078125
1 0.16953125 0.040625 0.11875 0.0734375
1 0.13828125 0.115625 0.11875 0.0515625
1 0.0984375 0.17421875 0.1171875 0.0515625
1 0.08828125 0.2328125 0.0921875 0.0515625
1 0.08515625 0.2875 0.11015625 0.05546875
1 0.13203125 0.35703125 0.09765625 0.0828125
1 0.1703125 0.50703125 0.1390625 0.08515625
1 0.7796875 0.3984375 0.10859375 0.1328125
1 0.94921875 0.15859375 0.1015625 0.1109375
1 0.9671875 0.2515625 0.065625 0.121875
1 0.96484375 0.37734375 0.06953125 0.103125
1 0.975 0.525 0.05 0.075
1 0.0140625 0.1265625 0.02734375 0.05078125