2 0.63359375 0.03828125 0.09375 0.07578125
2 0.57890625 0.525 0.1328125 0.0765625
2 0.92265625 0.79921875 0.0765625 0.0484375
2 0.79140625 0.375 0.07265625 0.0453125
2 0.903125 0.7125 0.0890625 0.0703125
2 0.0703125 0.44140625 0.13046875 0.07734375
2 0.8265625 0.19140625 0.11484375 0.0875
2 0.81171875 0.29765625 0.09375 0.065625
2 0.46796875 0.6703125 0.10546875 0.07421875
2 0.65546875 0.68203125 0.08984375 0.0609375
2 0.76015625 0.75703125 0.08984375 0.046875
2 0.46953125 0.7859375 0.103125 0.0671875
2 0.22578125 0.80234375 0.08046875 0.06875
2 0.23828125 0.8953125 0.08125 0.059375
2 0.4734375 0.86796875 0.05625 0.05859375
2 0.72109375 0.93671875 0.0421875 0.053125
2 0.05859375 0.9484375 0.071875 0.04453125
2 0.01796875 0.7296875 0.0359375 0.05078125
2 0.1078125 0.5453125 0.10234375 0.06640625
2 0.384375 0.5703125 0.065625 0.0609375
2 0.39765625 0.41640625 0.07578125 0.065625
2 0.325 0.32734375 0.09375 0.0546875
2 0.2578125 0.20625 0.07734375 0.05390625
2 0.54609375 0.31796875 0.028125 0.04609375
2 0.6515625 0.58125 0.09453125 0.04765625
2 0.80703125 0.49140625 0.078125 0.05703125
2 0.04453125 0.29765625 0.0890625 0.0859375
2 0.9296875 0.9 0.128125 0.07421875
2 0.58984375 0.85859375 0.0796875 0.08125