1 0.9703125 0.43515625 0.059375 0.1171875
1 0.61328125 0.16875 0.09296875 0.07734375
1 0.80390625 0.27578125 0.11328125 0.10390625
1 0.43203125 0.1609375 0.09921875 0.11015625
1 0.2734375 0.4453125 0.14296875 0.09765625
1 0.5953125 0.36875 0.09609375 0.121875
1 0.43046875 0.52890625 0.11796875 0.11171875
1 0.5890625 0.02421875 0.13203125 0.0484375
1 0.8140625 0.66953125 0.14140625 0.10546875
1 0.6109375 0.7140625 0.084375 0.08671875
1 0.6078125 0.61640625 0.11953125 0.11484375
1 0.240625 0.0671875 0.12109375 0.071875
1 0.9515625 0.178125 0.096875 0.103125
1 0.78828125 0.171875 0.1109375 0.10625
1 0.43515625 0.62890625 0.10859375 0.09296875
1 0.06640625 0.0421875 0.13203125 0.08359375
1 0.953125 0.075 0.09296875 0.0890625
1 0.23828125 0.6515625 0.17734375 0.1625
1 0.23125 0.75078125 0.12265625 0.09140625
1 0.0140625 0.75703125 0.02734375 0.10546875
1 0.07109375 0.4171875 0.1421875 0.121875
1 0.27578125 0.3265625 0.096875 0.1203125
1 0.45 0.33125 0.1265625 0.1484375
1 0.60078125 0.25859375 0.159375 0.09140625
1 0.96796875 0.2625 0.0640625 0.096875
1 0.8109375 0.4453125 0.1609375 0.09296875
1 0.8 0.546875 0.1875 0.12109375
1 0.9328125 0.65625 0.134375 0.11328125
1 0.78984375 0.05234375 0.1359375 0.1046875
1 0.5703125 0.0859375 0.11953125 0.05625
1 0.41796875 0.02734375 0.12890625 0.0546875
1 0.278125 0.17109375 0.12890625 0.1359375
1 0.0859375 0.24921875 0.11484375 0.10390625
1 0.06953125 0.13359375 0.1171875 0.1171875