1 0.3 0.63515625 0.08984375 0.06640625
1 0.0296875 0.95234375 0.059375 0.0921875
1 0.50625 0.03359375 0.084375 0.0671875
1 0.246875 0.2578125 0.08984375 0.1234375
1 0.28125 0.35703125 0.10078125 0.109375
1 0.3953125 0.45625 0.09453125 0.14140625
1 0.56171875 0.46328125 0.05234375 0.07265625
1 0.02421875 0.06875 0.04375 0.07109375
1 0.13125 0.3953125 0.08359375 0.14453125
1 0.13828125 0.24140625 0.0921875 0.07109375
1 0.3921875 0.21328125 0.06328125 0.165625
1 0.3890625 0.09453125 0.0859375 0.07421875
1 0.4 0.33203125 0.10078125 0.1140625
1 0.50546875 0.28203125 0.09453125 0.08203125
1 0.53125 0.37109375 0.053125 0.0671875
1 0.5078125 0.14375 0.09453125 0.1203125
1 0.63046875 0.06328125 0.0921875 0.1265625
1 0.64375 0.15859375 0.09453125 0.07890625
1 0.65625 0.27421875 0.0640625 0.05
1 0.69921875 0.4296875 0.06328125 0.07265625
1 0.784375 0.1171875 0.0765625 0.08671875
1 0.803125 0.25546875 0.059375 0.12890625
1 0.11953125 0.12109375 0.0875 0.08203125
1 0.04140625 0.21015625 0.08125 0.18984375
1 0.1359375 0.03671875 0.078125 0.0734375
1 0.23984375 0.10234375 0.09765625 0.1140625
1 0.24140625 0.0203125 0.09765625 0.03984375
1 0.134375 0.55078125 0.06328125 0.13515625
1 0.2828125 0.478125 0.06328125 0.07890625
1 0.228125 0.5734375 0.08828125 0.08671875
1 0.4140625 0.5828125 0.0375 0.06875
1 0.5484375 0.55390625 0.0359375 0.07265625
1 0.02578125 0.72890625 0.05078125 0.25546875
1 0.15859375 0.64375 0.07265625 0.08515625
1 0.13515625 0.88671875 0.1015625 0.1765625
1 0.3046875 0.903125 0.0703125 0.08671875
1 0.3109375 0.74765625 0.0703125 0.13984375
1 0.5828125 0.66953125 0.06640625 0.09140625
1 0.8578125 0.68203125 0.09921875 0.1046875
1 0.92109375 0.81015625 0.1171875 0.121875
1 0.9390625 0.41796875 0.121875 0.08359375
1 0.88828125 0.171875 0.08984375 0.13515625
1 0.884375 0.04140625 0.140625 0.07421875
1 0.95390625 0.28671875 0.06640625 0.09140625
1 0.725 0.759375 0.16484375 0.165625
1 0.83203125 0.4390625 0.08125 0.1609375
1 0.725 0.590625 0.06015625 0.09765625
1 0.4515625 0.76640625 0.07890625 0.19296875