1 0.0640625 0.49140625 0.1015625 0.10546875
1 0.40625 0.25234375 0.0828125 0.06953125
1 0.2359375 0.3484375 0.1015625 0.0921875
1 0.56875 0.2453125 0.08828125 0.0984375
1 0.71015625 0.5 0.128125 0.0875
1 0.42265625 0.43125 0.0859375 0.10859375
1 0.5703125 0.575 0.10546875 0.1
1 0.428125 0.09375 0.11796875 0.103125
1 0.2265625 0.7 0.12578125 0.09453125
1 0.40859375 0.73984375 0.07578125 0.07734375
1 0.41171875 0.65234375 0.10703125 0.10234375
1 0.7390625 0.16171875 0.1078125 0.06484375
1 0.09765625 0.2609375 0.09921875 0.0921875
1 0.25 0.2546875 0.09921875 0.09453125
1 0.565625 0.6640625 0.096875 0.0828125
1 0.8953125 0.12578125 0.11796875 0.1015625
1 0.096875 0.16875 0.09453125 0.0796875
1 0.74140625 0.684375 0.15859375 0.1453125
1 0.7484375 0.77265625 0.109375 0.08125
1 0.96484375 0.77890625 0.06953125 0.09375
1 0.91328125 0.475 0.1703125 0.109375
1 0.70859375 0.39296875 0.08671875 0.1078125
1 0.55234375 0.39765625 0.11328125 0.1328125
1 0.4171875 0.3328125 0.14296875 0.08125
1 0.0640625 0.33671875 0.109375 0.0859375
1 0.23046875 0.49921875 0.14375 0.08359375
1 0.23984375 0.590625 0.16796875 0.10859375
1 0.10078125 0.68828125 0.1609375 0.1015625
1 0.08125 0.07421875 0.13828125 0.11484375
1 0.2484375 0.14609375 0.12109375 0.09765625
1 0.4453125 0.178125 0.10703125 0.05
1 0.58125 0.10078125 0.115625 0.09921875
1 0.70625 0.2546875 0.115625 0.121875
1 0.878125 0.32421875 0.10234375 0.09296875
1 0.8921875 0.22109375 0.1046875 0.1046875