2 0.26953125 0.528125 0.1109375 0.0734375
2 0.68203125 0.96640625 0.128125 0.0671875
2 0.04140625 0.67890625 0.0828125 0.0484375
2 0.1015625 0.5015625 0.1265625 0.10703125
2 0.3734375 0.43046875 0.128125 0.07890625
2 0.5421875 0.56953125 0.09765625 0.06640625
2 0.8046875 0.8296875 0.11015625 0.084375
2 0.73515625 0.2671875 0.10234375 0.071875
2 0.6203125 0.3546875 0.08046875 0.0640625
2 0.040625 0.5890625 0.08125 0.09375
2 0.65546875 0.70078125 0.11640625 0.0890625
2 0.41796875 0.55390625 0.12890625 0.0734375
2 0.953125 0.30703125 0.09375 0.0828125
2 0.19453125 0.6546875 0.15078125 0.14296875
2 0.98671875 0.96796875 0.0265625 0.0640625
2 0.83125 0.97109375 0.0890625 0.05703125
2 0.9796875 0.815625 0.040625 0.109375
2 0.6578125 0.8015625 0.08828125 0.07109375
2 0.946875 0.678125 0.10625 0.0828125
2 0.80625 0.68125 0.115625 0.08359375
2 0.921875 0.54140625 0.11796875 0.06015625
2 0.80859375 0.55859375 0.115625 0.06328125
2 0.98046875 0.41015625 0.0390625 0.0828125
2 0.8984375 0.4296875 0.06328125 0.071875
2 0.85078125 0.31875 0.0671875 0.0765625
2 0.846875 0.24453125 0.078125 0.0515625
2 0.84609375 0.1609375 0.06484375 0.07109375
2 0.9078125 0.059375 0.06484375 0.065625
2 0.8109375 0.06796875 0.09140625 0.0765625
2 0.86640625 0.0078125 0.0984375 0.01484375
2 0.715625 0.09921875 0.046875 0.06484375
2 0.7296875 0.1796875 0.06796875 0.05
2 0.61640625 0.2609375 0.05546875 0.0609375
2 0.76328125 0.4296875 0.1125 0.07890625
2 0.73515625 0.3359375 0.0875 0.04375
2 0.66015625 0.53515625 0.084375 0.0859375
2 0.53125 0.46484375 0.08671875 0.0625
2 0.509375 0.7046875 0.0671875 0.08359375
2 0.50078125 0.825 0.1140625 0.05625
2 0.49296875 0.97890625 0.09921875 0.0421875
2 0.33828125 0.9625 0.109375 0.0640625
2 0.20859375 0.9703125 0.0953125 0.059375
2 0.05078125 0.91796875 0.08828125 0.08671875
2 0.375 0.8203125 0.11953125 0.07890625
2 0.2109375 0.78359375 0.1125 0.07421875
2 0.32890625 0.6703125 0.1078125 0.06953125
2 0.40859375 0.19921875 0.0796875 0.0703125
2 0.315625 0.090625 0.09765625 0.09609375
2 0.14140625 0.1578125 0.12578125 0.075
2 0.13359375 0.3234375 0.10625 0.078125
2 0.440625 0.3109375 0.115625 0.06640625
2 0.5640625 0.1 0.10390625 0.0734375
2 0.0375 0.37734375 0.075 0.08125
2 0.2375 0.4125 0.07421875 0.06171875
2 0.246875 0.31953125 0.1 0.06171875