1 0.4828125 0.85546875 0.2625 0.16015625
1 0.71015625 0.82109375 0.1109375 0.13359375
1 0.87734375 0.77421875 0.134375 0.07890625
1 0.30390625 0.81796875 0.1515625 0.14296875
1 0.09921875 0.7125 0.14453125 0.16015625
1 0.06640625 0.8609375 0.13203125 0.11171875
1 0.09921875 0.54375 0.14453125 0.1609375
1 0.2921875 0.5390625 0.1171875 0.1453125
1 0.490625 0.603125 0.103125 0.12890625
1 0.68984375 0.640625 0.1046875 0.14609375
1 0.2828125 0.3375 0.1625 0.15546875
1 0.46484375 0.290625 0.12734375 0.17265625
1 0.6171875 0.271875 0.1078125 0.1375
1 0.93984375 0.23984375 0.1203125 0.1453125