1 0.7359375 0.6234375 0.121875 0.0671875
1 0.565625 0.2484375 0.140625 0.121875
1 0.58046875 0.5546875 0.14453125 0.09296875
1 0.34296875 0.66796875 0.20078125 0.16796875
1 0.94921875 0.5484375 0.10078125 0.17109375
1 0.77109375 0.5375 0.1703125 0.140625
1 0.96015625 0.3796875 0.07890625 0.17578125
1 0.81171875 0.33984375 0.15703125 0.1171875
1 0.6203125 0.33046875 0.13828125 0.12578125
1 0.97578125 0.20234375 0.0484375 0.18125
1 0.8265625 0.21953125 0.171875 0.09921875
1 0.809375 0.11796875 0.19921875 0.09375
1 0.61640625 0.10234375 0.11640625 0.1640625