1 0.70625 0.86640625 0.11953125 0.09140625
1 0.3359375 0.90390625 0.1296875 0.078125
1 0.68984375 0.203125 0.12734375 0.07890625
1 0.1390625 0.44140625 0.1296875 0.0875
1 0.67890625 0.61875 0.096875 0.10078125
1 0.29375 0.1140625 0.09140625 0.0671875
1 0.4890625 0.39921875 0.0859375 0.084375
1 0.1609375 0.75625 0.0953125 0.08828125
1 0.29375 0.19453125 0.115625 0.0765625
1 0.67265625 0.31328125 0.134375 0.0953125
1 0.46328125 0.2859375 0.10625 0.11953125
1 0.4703125 0.171875 0.12265625 0.121875
1 0.271875 0.3125 0.140625 0.10078125
1 0.2609375 0.44140625 0.1171875 0.11015625
1 0.29375 0.58515625 0.140625 0.09765625
1 0.2890625 0.69296875 0.14921875 0.10390625
1 0.30234375 0.81796875 0.18046875 0.11640625
1 0.51875 0.93125 0.140625 0.1375
1 0.4734375 0.76640625 0.13515625 0.12265625
1 0.496875 0.54375 0.165625 0.090625
1 0.671875 0.7390625 0.1578125 0.1078125
1 0.725 0.49296875 0.1203125 0.11875
1 0.89609375 0.50546875 0.12890625 0.12109375
1 0.9234375 0.63203125 0.15234375 0.10625
1 0.9296875 0.78828125 0.140625 0.1671875
1 0.74765625 0.9671875 0.17578125 0.065625
1 0.91015625 0.96875 0.1109375 0.0625
1 0.86953125 0.3765625 0.18203125 0.109375
1 0.875 0.2671875 0.16796875 0.10546875
1 0.1421875 0.12421875 0.0671875 0.03515625
1 0.140625 0.2296875 0.125 0.103125
1 0.1203125 0.33828125 0.14375 0.0921875
1 0.121875 0.54140625 0.18359375 0.1125
1 0.14140625 0.66875 0.171875 0.1078125