1 0.171875 0.665625 0.121875 0.06328125
1 0.34375 0.696875 0.15 0.121875
1 0.5421875 0.68515625 0.17890625 0.1265625
1 0.3515625 0.5484375 0.13203125 0.08828125
1 0.1765625 0.46875 0.15078125 0.08203125
1 0.1734375 0.365625 0.18828125 0.08125
1 0.359375 0.371875 0.1140625 0.0796875
1 0.23515625 0.171875 0.17109375 0.0640625
1 0.253125 0.115625 0.1234375 0.0890625
1 0.25234375 0.03984375 0.1359375 0.0796875
1 0.065625 0.034375 0.12265625 0.06796875
1 0.025 0.16875 0.04921875 0.11328125
1 0.46015625 0.040625 0.1375 0.07578125
1 0.4 0.146875 0.15546875 0.12734375
1 0.40625 0.26796875 0.1078125 0.0625
1 0.1875 0.2671875 0.10859375 0.05703125
1 0.559375 0.31640625 0.1328125 0.1015625
1 0.546875 0.42890625 0.19453125 0.11875
1 0.33828125 0.45546875 0.11015625 0.0921875
1 0.7546875 0.62890625 0.19453125 0.10078125
1 0.74609375 0.5359375 0.09140625 0.09296875
1 0.7546875 0.43046875 0.1703125 0.08515625
1 0.73125 0.23984375 0.16484375 0.09140625
1 0.76875 0.0703125 0.16328125 0.103125
1 0.5796875 0.140625 0.17265625 0.09921875
1 0.96640625 0.078125 0.06640625 0.11484375
1 0.93203125 0.2234375 0.1265625 0.1484375
1 0.91640625 0.346875 0.15390625 0.0875
1 0.9328125 0.45234375 0.13359375 0.096875
1 0.9453125 0.57421875 0.109375 0.1234375