1 0.93359375 0.72421875 0.09453125 0.08984375
1 0.29765625 0.628125 0.1359375 0.1328125
1 0.92734375 0.54609375 0.07265625 0.0625
1 0.9671875 0.1109375 0.06484375 0.084375
1 0.4875 0.428125 0.096875 0.09296875
1 0.90625 0.29375 0.0875 0.065625
1 0.24921875 0.75234375 0.1171875 0.07578125
1 0.934375 0.6359375 0.1015625 0.06015625
1 0.69296875 0.24140625 0.10546875 0.06953125
1 0.0375 0.75859375 0.075 0.0984375
1 0.8984375 0.46875 0.12890625 0.07421875
1 0.8921875 0.37890625 0.13125 0.090625
1 0.69765625 0.31484375 0.10546875 0.08125
1 0.74296875 0.721875 0.13203125 0.0875
1 0.47578125 0.52578125 0.11484375 0.06640625
1 0.0828125 0.659375 0.165625 0.06640625
1 0.08125 0.55078125 0.1625 0.11796875
1 0.31484375 0.51328125 0.146875 0.08828125
1 0.4921875 0.61640625 0.15859375 0.09453125
1 0.084375 0.47109375 0.09765625 0.05234375
1 0.08125 0.35625 0.11484375 0.06171875
1 0.10390625 0.2640625 0.12421875 0.06875
1 0.06484375 0.1515625 0.12890625 0.115625
1 0.075 0.03671875 0.10390625 0.07265625
1 0.26640625 0.06640625 0.09453125 0.0734375
1 0.2609375 0.14453125 0.11171875 0.06328125
1 0.2828125 0.22109375 0.071875 0.06484375
1 0.26015625 0.29375 0.12578125 0.0671875
1 0.334375 0.39375 0.16328125 0.10625
1 0.49609375 0.33671875 0.10625 0.07890625
1 0.46328125 0.21796875 0.12265625 0.07421875
1 0.47890625 0.12734375 0.10703125 0.06484375
1 0.415625 0.04765625 0.1109375 0.07578125
1 0.61796875 0.075 0.0953125 0.10546875
1 0.66953125 0.1734375 0.12265625 0.04296875
1 0.7140625 0.409375 0.140625 0.06953125
1 0.69296875 0.4953125 0.09765625 0.0984375
1 0.721875 0.628125 0.18046875 0.0734375
1 0.49609375 0.75 0.17578125 0.06796875
1 0.8625 0.21171875 0.10546875 0.06015625
1 0.8140625 0.13828125 0.09765625 0.06171875
1 0.8015625 0.08515625 0.090625 0.05390625
1 0.75859375 0.0359375 0.11875 0.07109375
1 0.9515625 0.03984375 0.096875 0.0390625