1 0.79453125 0.525 0.09375 0.0875
1 0.4890625 0.409375 0.10078125 0.09453125
1 0.49140625 0.68046875 0.09921875 0.0875
1 0.82890625 0.21328125 0.10859375 0.090625
1 0.82421875 0.9203125 0.0765625 0.065625
1 0.1 0.28359375 0.1109375 0.11171875
1 0.47109375 0.2828125 0.0765625 0.06640625
1 0.45078125 0.12421875 0.1015625 0.08125
1 0.6 0.9546875 0.075 0.08984375
1 0.50859375 0.834375 0.103125 0.10625
1 0.0625 0.07734375 0.12109375 0.09609375
1 0.48046875 0.9671875 0.0984375 0.065625
1 0.6078125 0.79765625 0.08046875 0.0796875
1 0.58671875 0.66328125 0.1046875 0.0703125
1 0.21796875 0.26015625 0.084375 0.103125
1 0.653125 0.16484375 0.1 0.096875
1 0.88984375 0.31171875 0.06953125 0.065625
1 0.3296875 0.115625 0.1203125 0.1078125
1 0.9390625 0.878125 0.096875 0.08125
1 0.79453125 0.65546875 0.10703125 0.08984375
1 0.68515625 0.5203125 0.09765625 0.06953125
1 0.22265625 0.7234375 0.14453125 0.1296875
1 0.36953125 0.69765625 0.08828125 0.1
1 0.4703125 0.53984375 0.084375 0.05546875
1 0.7125 0.40234375 0.1 0.0765625
1 0.228125 0.42578125 0.10625 0.06328125
1 0.303125 0.32734375 0.0625 0.03515625
1 0.38203125 0.27109375 0.0578125 0.07421875
1 0.221875 0.09765625 0.13515625 0.09765625
1 0.1953125 0.59453125 0.08515625 0.065625
1 0.321875 0.55859375 0.09296875 0.096875
1 0.31640625 0.4578125 0.04375 0.07421875
1 0.4046875 0.42734375 0.05859375 0.090625
1 0.18046875 0.93359375 0.1078125 0.0640625
1 0.28359375 0.8953125 0.09140625 0.065625