1 0.44296875 0.66796875 0.08515625 0.0796875
1 0.97578125 0.91875 0.0484375 0.078125
1 0.60546875 0.6703125 0.075 0.08125
1 0.27890625 0.8796875 0.1046875 0.0921875
1 0.0234375 0.43046875 0.046875 0.0984375
1 0.3203125 0.1703125 0.0984375 0.12421875
1 0.61015625 0.796875 0.071875 0.10390625
1 0.753125 0.93203125 0.07890625 0.0984375
1 0.58203125 0.9328125 0.0796875 0.09296875
1 0.92265625 0.5921875 0.0671875 0.0578125
1 0.02265625 0.96875 0.04453125 0.0625
1 0.10078125 0.9546875 0.071875 0.090625
1 0.0109375 0.87109375 0.021875 0.0921875
1 0.0203125 0.70390625 0.040625 0.0890625
1 0.03046875 0.56328125 0.0609375 0.078125
1 0.13828125 0.70078125 0.0625 0.1125
1 0.1390625 0.56953125 0.0859375 0.0640625
1 0.15078125 0.42890625 0.0546875 0.07890625
1 0.06015625 0.2734375 0.05234375 0.0859375
1 0.203125 0.3125 0.10078125 0.0609375
1 0.05625 0.103125 0.08671875 0.07265625
1 0.034375 0.01484375 0.03984375 0.02890625
1 0.18046875 0.16875 0.08671875 0.1796875
1 0.33828125 0.01328125 0.0609375 0.02578125
1 0.47734375 0.04375 0.071875 0.0875
1 0.47734375 0.19140625 0.134375 0.084375
1 0.4640625 0.3609375 0.065625 0.09609375
1 0.3328125 0.3140625 0.08203125 0.0640625
1 0.30703125 0.47578125 0.08671875 0.13671875
1 0.28828125 0.60625 0.0671875 0.07421875
1 0.27265625 0.73125 0.07734375 0.09765625
1 0.28203125 0.975 0.05703125 0.05
1 0.4359375 0.90234375 0.0609375 0.0890625
1 0.440625 0.78828125 0.0484375 0.0890625
1 0.38203125 0.78671875 0.03125 0.04921875
1 0.46875 0.51953125 0.0625 0.09609375
1 0.603125 0.51328125 0.0890625 0.09765625
1 0.634375 0.17890625 0.0859375 0.084375
1 0.6578125 0.0375 0.071875 0.075
1 0.8546875 0.08828125 0.0734375 0.13203125
1 0.846875 0.24140625 0.078125 0.08125
1 0.83359375 0.3796875 0.1078125 0.146875
1 0.784375 0.5234375 0.059375 0.08125
1 0.6234375 0.36640625 0.065625 0.14375
1 0.77265625 0.809375 0.06953125 0.07109375
1 0.75546875 0.6796875 0.0671875 0.04921875
1 0.85390625 0.95859375 0.065625 0.0828125
1 0.8640625 0.85546875 0.08046875 0.10703125
1 0.97109375 0.071875 0.0578125 0.140625