1 0.40078125 0.11953125 0.10078125 0.10546875
1 0.06171875 0.33125 0.0875 0.090625
1 0.06953125 0.2625 0.06796875 0.08671875
1 0.25234375 0.16875 0.07109375 0.08671875
1 0.12578125 0.2125 0.065625 0.1140625
1 0.1671875 0.30703125 0.0640625 0.08515625
1 0.2640625 0.2796875 0.0859375 0.103125
1 0.075 0.46015625 0.1171875 0.1234375
1 0.02578125 0.54609375 0.0515625 0.0921875
1 0.40546875 0.31328125 0.08984375 0.09765625
1 0.41875 0.23046875 0.08984375 0.09765625
1 0.20546875 0.49453125 0.08828125 0.09765625
1 0.2015625 0.3984375 0.06015625 0.0796875
1 0.259375 0.403125 0.0515625 0.08515625
1 0.13203125 0.58125 0.10234375 0.0796875
1 0.31328125 0.440625 0.04921875 0.046875
1 0.3203125 0.51875 0.0375 0.08203125
1 0.225 0.57890625 0.05703125 0.08671875
1 0.265625 0.67734375 0.0375 0.05234375
1 0.3375 0.67890625 0.0421875 0.11171875
1 0.375 0.7828125 0.04375 0.07421875
1 0.3734375 0.87890625 0.0703125 0.08671875
1 0.27890625 0.86875 0.07265625 0.096875
1 0.19296875 0.828125 0.03359375 0.059375
1 0.11015625 0.86015625 0.040625 0.0984375
1 0.03046875 0.8625 0.05078125 0.0609375
1 0.015625 0.8078125 0.03125 0.08125
1 0.08046875 0.771875 0.06640625 0.08984375
1 0.48046875 0.87265625 0.05234375 0.05078125
1 0.47421875 0.825 0.04453125 0.0359375
1 0.46640625 0.76796875 0.03984375 0.03671875
1 0.4671875 0.7171875 0.0671875 0.0578125
1 0.43984375 0.621875 0.03359375 0.0578125
1 0.440625 0.66875 0.0515625 0.0453125
1 0.4375 0.53671875 0.025 0.0375
1 0.41328125 0.48515625 0.0328125 0.0578125
1 0.48515625 0.59453125 0.04375 0.04921875
1 0.53203125 0.55 0.04453125 0.04609375
1 0.50078125 0.1828125 0.0640625 0.10390625
1 0.18359375 0.765625 0.0515625 0.04765625
1 0.15546875 0.67109375 0.06875 0.12890625
1 0.07578125 0.69609375 0.034375 0.0546875
1 0.2796875 0.7765625 0.01796875 0.0453125
1 0.27109375 0.72265625 0.03046875 0.04296875
1 0.384375 0.83984375 0.0359375 0.06640625
1 0.3375 0.56953125 0.0359375 0.04765625
1 0.31796875 0.37265625 0.04296875 0.05859375
1 0.4046875 0.38828125 0.03515625 0.06015625
1 0.50703125 0.25859375 0.04296875 0.071875
1 0.5046875 0.31015625 0.05390625 0.03828125
1 0.5234375 0.4203125 0.03984375 0.08515625
1 0.525 0.49296875 0.05546875 0.04375
1 0.5375 0.6296875 0.03671875 0.078125
1 0.5484375 0.74375 0.0453125 0.06875
1 0.5421875 0.6796875 0.03359375 0.0578125
1 0.55546875 0.859375 0.046875 0.09609375
1 0.62109375 0.9140625 0.0421875 0.06328125
1 0.6296875 0.84765625 0.0296875 0.06328125
1 0.61953125 0.7828125 0.03984375 0.0640625
1 0.615625 0.64921875 0.0515625 0.0703125
1 0.6203125 0.72265625 0.05 0.0546875
1 0.62578125 0.575 0.0359375 0.05390625
1 0.6265625 0.5046875 0.0484375 0.0578125
1 0.61328125 0.4265625 0.0265625 0.04453125
1 0.62421875 0.34453125 0.04765625 0.0640625
1 0.63125 0.203125 0.05234375 0.06796875
1 0.63828125 0.29375 0.03671875 0.06015625
1 0.7453125 0.196875 0.071875 0.1015625
1 0.7390625 0.27890625 0.0796875 0.0890625
1 0.76484375 0.3578125 0.06953125 0.0921875
1 0.721875 0.44375 0.075 0.07890625
1 0.75078125 0.49765625 0.04453125 0.0578125
1 0.74296875 0.58671875 0.10390625 0.08359375
1 0.74296875 0.64375 0.04140625 0.046875
1 0.728125 0.78515625 0.04140625 0.071875
1 0.71484375 0.85859375 0.0484375 0.059375
1 0.73671875 0.915625 0.0703125 0.06875
1 0.8140625 0.93046875 0.04375 0.05390625
1 0.8234375 0.8640625 0.01953125 0.05234375
1 0.81953125 0.82109375 0.0609375 0.07265625
1 0.82890625 0.73828125 0.05390625 0.046875
1 0.83984375 0.67890625 0.025 0.0703125
1 0.846875 0.61953125 0.03046875 0.06015625
1 0.809375 0.6140625 0.04609375 0.06953125
1 0.8515625 0.53515625 0.03828125 0.06640625
1 0.87578125 0.478125 0.06171875 0.0765625
1 0.86171875 0.41015625 0.03046875 0.06875
1 0.88515625 0.3390625 0.03828125 0.1078125
1 0.87265625 0.253125 0.0484375 0.0921875
1 0.88984375 0.13984375 0.0453125 0.05078125
1 0.97578125 0.22734375 0.0484375 0.06015625
1 0.9796875 0.321875 0.040625 0.0453125
1 0.9609375 0.3890625 0.06640625 0.04375
1 0.9609375 0.45390625 0.0609375 0.06484375
1 0.95 0.5578125 0.04375 0.06015625
1 0.94921875 0.6125 0.07578125 0.09140625
1 0.93828125 0.69296875 0.05703125 0.05703125
1 0.925 0.73984375 0.034375 0.040625
1 0.91328125 0.8140625 0.05703125 0.05859375
1 0.90859375 0.8828125 0.0703125 0.0625
1 0.8875 0.93984375 0.05703125 0.09609375
1 0.98515625 0.9125 0.0296875 0.12265625
1 0.9890625 0.809375 0.02109375 0.075