1 0.178125 0.71328125 0.1109375 0.10703125
1 0.5390625 0.80078125 0.078125 0.08515625
1 0.0625 0.71640625 0.084375 0.1109375
1 0.265625 0.14140625 0.06796875 0.0734375
1 0.4609375 0.1859375 0.084375 0.109375
1 0.18046875 0.61796875 0.1 0.09765625
1 0.54453125 0.903125 0.09296875 0.115625
1 0.36953125 0.1484375 0.10078125 0.09765625
1 0.12890625 0.29765625 0.090625 0.096875
1 0.3265625 0.4375 0.10546875 0.08125
1 0.6515625 0.79375 0.09140625 0.10703125
1 0.15859375 0.81875 0.08359375 0.10078125
1 0.69609375 0.1453125 0.10078125 0.08515625
1 0.2484375 0.2234375 0.0765625 0.090625
1 0.6484375 0.8890625 0.0953125 0.10078125
1 0.5734375 0.20078125 0.0984375 0.0859375
1 0.54140625 0.58046875 0.0828125 0.09375
1 0.58359375 0.28125 0.09296875 0.103125
1 0.0734375 0.49609375 0.0953125 0.10859375
1 0.09609375 0.40390625 0.10625 0.11015625