2 0.6515625 0.02421875 0.09765625 0.0484375
2 0.59453125 0.51484375 0.1375 0.0796875
2 0.95234375 0.8 0.07890625 0.05078125
2 0.81640625 0.35859375 0.075 0.046875
2 0.93125 0.71015625 0.09296875 0.07265625
2 0.06640625 0.428125 0.1328125 0.08125
2 0.85234375 0.16796875 0.11953125 0.090625
2 0.83671875 0.27890625 0.09765625 0.06875
2 0.4796875 0.66640625 0.109375 0.0765625
2 0.675 0.67890625 0.09296875 0.06328125
2 0.7828125 0.75625 0.09375 0.04921875
2 0.48125 0.78671875 0.10703125 0.06953125
2 0.22734375 0.80390625 0.084375 0.07109375
2 0.240625 0.90078125 0.084375 0.06171875
2 0.48515625 0.87265625 0.0578125 0.0609375
2 0.74296875 0.94375 0.04375 0.05546875
2 0.05390625 0.95546875 0.075 0.046875
2 0.01484375 0.72890625 0.0296875 0.0515625
2 0.1046875 0.5359375 0.10625 0.06953125
2 0.39296875 0.5625 0.06796875 0.0640625
2 0.40625 0.4015625 0.07890625 0.06796875
2 0.33125 0.309375 0.09765625 0.05703125
2 0.2609375 0.18359375 0.08046875 0.05625
2 0.5609375 0.3 0.02890625 0.04765625
2 0.6703125 0.57421875 0.0984375 0.05
2 0.83203125 0.48046875 0.08125 0.059375
2 0.04296875 0.27734375 0.0859375 0.08828125
2 0.94609375 0.90546875 0.1078125 0.07734375
2 0.60546875 0.8625 0.0828125 0.084375