1 0.96015625 0.24296875 0.0796875 0.1234375
1 0.9234375 0.35546875 0.11171875 0.1
1 0.89296875 0.49375 0.159375 0.140625
1 0.97890625 0.59609375 0.0421875 0.10546875
1 0.8296875 0.67578125 0.08359375 0.1
1 0.81796875 0.79140625 0.16328125 0.0984375
1 0.75859375 0.8859375 0.14375 0.07734375
1 0.59453125 0.746875 0.15078125 0.09375
1 0.5609375 0.82578125 0.08828125 0.0984375
1 0.6359375 0.59375 0.13125 0.0984375
1 0.6625 0.49921875 0.0859375 0.03515625
1 0.65078125 0.42578125 0.115625 0.0578125
1 0.71328125 0.3359375 0.16171875 0.10390625
1 0.69453125 0.21953125 0.11875 0.1203125
1 0.46640625 0.35390625 0.12109375 0.1234375
1 0.4328125 0.52421875 0.12421875 0.09453125
1 0.40234375 0.60234375 0.12109375 0.08125
1 0.3515625 0.8359375 0.1046875 0.090625
1 0.1390625 0.8765625 0.16484375 0.08984375
1 0.1125 0.74296875 0.1046875 0.0578125
1 0.1234375 0.67734375 0.109375 0.090625
1 0.15546875 0.61015625 0.10390625 0.08203125
1 0.178125 0.5140625 0.14765625 0.11484375
1 0.3578125 0.89609375 0.096875 0.0796875
1 0.2328125 0.2671875 0.17890625 0.15390625
1 0.0453125 0.34296875 0.090625 0.2015625
1 0.9546875 0.9078125 0.090625 0.1125
1 0.9640625 0.8046875 0.07109375 0.090625