1 0.0453125 0.4671875 0.090625 0.11484375
1 0.409375 0.20546875 0.090625 0.07578125
1 0.2234375 0.31015625 0.1109375 0.10078125
1 0.58671875 0.1984375 0.09609375 0.1078125
1 0.74140625 0.47578125 0.13984375 0.0953125
1 0.42734375 0.4015625 0.09375 0.11875
1 0.58828125 0.5578125 0.115625 0.109375
1 0.43359375 0.04453125 0.12890625 0.0890625
1 0.21328125 0.69453125 0.1375 0.103125
1 0.4125 0.7375 0.0828125 0.084375
1 0.415625 0.64296875 0.11640625 0.11171875
1 0.77265625 0.10703125 0.11796875 0.0703125
1 0.071875 0.21484375 0.10859375 0.10078125
1 0.2390625 0.20859375 0.1078125 0.10390625
1 0.58359375 0.65546875 0.10546875 0.090625
1 0.9390625 0.0671875 0.12109375 0.1109375
1 0.071875 0.11484375 0.103125 0.08671875
1 0.77578125 0.67734375 0.17265625 0.15859375
1 0.7828125 0.7734375 0.11953125 0.0890625
1 0.990625 0.78046875 0.01875 0.10234375
1 0.934375 0.4484375 0.13125 0.11875
1 0.7390625 0.359375 0.09453125 0.1171875
1 0.56953125 0.36484375 0.1234375 0.14453125
1 0.421875 0.29375 0.15546875 0.0890625
1 0.04765625 0.29765625 0.0953125 0.09375
1 0.2171875 0.47578125 0.15703125 0.090625
1 0.22734375 0.575 0.1828125 0.11796875
1 0.08125 0.68125 0.1625 0.109375
1 0.06484375 0.03671875 0.1296875 0.0734375
1 0.2375 0.090625 0.1328125 0.10625
1 0.4515625 0.125 0.1171875 0.0546875
1 0.59921875 0.046875 0.1265625 0.09375
1 0.73671875 0.2078125 0.12578125 0.1328125
1 0.92421875 0.284375 0.11171875 0.1015625
1 0.93984375 0.17109375 0.1140625 0.1140625