1 0.68125 0.3140625 0.10625 0.10234375
1 0.8890625 0.63671875 0.11171875 0.1125
1 0.23125 0.89140625 0.06953125 0.06328125
1 0.01875 0.20625 0.03671875 0.07421875
1 0.6171875 0.753125 0.103125 0.08828125
1 0.7421875 0.7625 0.11875 0.1140625
1 0.88125 0.53359375 0.10234375 0.1109375
1 0.22265625 0.96484375 0.1125 0.06953125
1 0.35234375 0.28984375 0.0859375 0.09296875
1 0.87109375 0.8796875 0.08984375 0.08671875
1 0.10859375 0.26875 0.1046875 0.1828125
1 0.24296875 0.3203125 0.09140625 0.10625
1 0.2015625 0.6375 0.15 0.175
1 0.20234375 0.49296875 0.13828125 0.075
1 0.35234375 0.53203125 0.109375 0.15078125
1 0.50703125 0.3640625 0.103125 0.1
1 0.5015625 0.58046875 0.1296875 0.109375
1 0.521875 0.46953125 0.08515625 0.1078125
1 0.6453125 0.43046875 0.07265625 0.08515625
1 0.609375 0.86484375 0.109375 0.1
1 0.48671875 0.71171875 0.09609375 0.11484375
1 0.0625 0.928125 0.11953125 0.11796875
1 0.046875 0.79453125 0.09296875 0.18125
1 0.3375 0.9453125 0.0828125 0.109375
1 0.34140625 0.75625 0.11328125 0.09453125
1 0.7390625 0.628125 0.13671875 0.1046875
1 0.7796875 0.4140625 0.075 0.1046875