1 0.93046875 0.71953125 0.09296875 0.08828125
1 0.3046875 0.62421875 0.13359375 0.13046875
1 0.925 0.54296875 0.071875 0.06171875
1 0.96640625 0.11484375 0.0671875 0.0828125
1 0.4921875 0.4265625 0.0953125 0.09140625
1 0.90390625 0.2953125 0.0859375 0.06484375
1 0.2578125 0.746875 0.11484375 0.07421875
1 0.93125 0.63203125 0.1 0.059375
1 0.69453125 0.24375 0.10390625 0.06796875
1 0.04375 0.753125 0.08515625 0.09765625
1 0.896875 0.4671875 0.1265625 0.0734375
1 0.88984375 0.378125 0.12890625 0.0890625
1 0.6984375 0.315625 0.10390625 0.0796875
1 0.74375 0.71640625 0.13046875 0.0859375
1 0.48046875 0.5234375 0.1125 0.065625
1 0.09296875 0.6546875 0.165625 0.065625
1 0.0921875 0.5484375 0.1609375 0.11640625
1 0.321875 0.5109375 0.14453125 0.08671875
1 0.496875 0.61328125 0.15625 0.09375
1 0.0953125 0.4703125 0.09609375 0.0515625
1 0.0921875 0.35703125 0.11328125 0.06015625
1 0.11484375 0.265625 0.121875 0.06796875
1 0.06953125 0.15546875 0.1390625 0.1140625
1 0.0859375 0.0421875 0.10234375 0.071875
1 0.27421875 0.07109375 0.09296875 0.07265625
1 0.26875 0.1484375 0.109375 0.0625
1 0.290625 0.2234375 0.0703125 0.0640625
1 0.26796875 0.29453125 0.12421875 0.06640625
1 0.340625 0.39375 0.1609375 0.1046875
1 0.5 0.3375 0.1046875 0.078125
1 0.46796875 0.2203125 0.1203125 0.0734375
1 0.48359375 0.13125 0.10546875 0.0640625
1 0.42109375 0.053125 0.10859375 0.07421875
1 0.6203125 0.0796875 0.09375 0.10390625
1 0.67109375 0.1765625 0.1203125 0.0421875
1 0.71484375 0.40859375 0.13828125 0.06875
1 0.69453125 0.49296875 0.09609375 0.096875
1 0.721875 0.62421875 0.17734375 0.07265625
1 0.50078125 0.74453125 0.1734375 0.0671875
1 0.8609375 0.2140625 0.103125 0.059375
1 0.8140625 0.1421875 0.09609375 0.0609375
1 0.8015625 0.08984375 0.0890625 0.053125
1 0.75859375 0.0375 0.1171875 0.075
1 0.95078125 0.0453125 0.09765625 0.0390625