2 0.578125 0.80390625 0.08671875 0.06171875
2 0.09765625 0.8390625 0.11015625 0.06640625
2 0.68515625 0.734375 0.08984375 0.0703125
2 0.8171875 0.5875 0.13515625 0.08828125
2 0.18828125 0.63046875 0.07890625 0.05234375
2 0.3359375 0.39140625 0.090625 0.06484375
2 0.0546875 0.23125 0.109375 0.078125
2 0.54921875 0.25703125 0.09453125 0.06484375
2 0.50234375 0.9703125 0.17734375 0.05859375
2 0.840625 0.88125 0.14765625 0.08984375
2 0.7734375 0.95 0.16953125 0.0828125
2 0.90625 0.76875 0.1359375 0.05234375
2 0.65 0.59296875 0.10078125 0.1046875
2 0.39375 0.72265625 0.0859375 0.1
2 0.98046875 0.48828125 0.0390625 0.0859375
2 0.82109375 0.4875 0.18515625 0.05234375
2 0.5453125 0.5140625 0.075 0.071875
2 0.43359375 0.5921875 0.08125 0.0625
2 0.17265625 0.71015625 0.0703125 0.04609375
2 0.0625 0.5296875 0.05625 0.0671875
2 0.359375 0.31328125 0.0984375 0.0578125
2 0.9328125 0.28359375 0.134375 0.07578125
2 0.62421875 0.2109375 0.0765625 0.0875
2 0.3953125 0.21015625 0.10859375 0.05703125
2 0.14765625 0.18671875 0.12421875 0.0640625
2 0.990625 0.6765625 0.01875 0.08515625