2 0.64296875 0.95859375 0.090625 0.075
2 0.58984375 0.48828125 0.128125 0.0734375
2 0.921875 0.2234375 0.0734375 0.046875
2 0.7953125 0.6328125 0.06953125 0.04375
2 0.90234375 0.30703125 0.0859375 0.06796875
2 0.1 0.56875 0.12578125 0.075
2 0.82890625 0.81015625 0.1109375 0.084375
2 0.8140625 0.70703125 0.090625 0.06328125
2 0.48359375 0.34765625 0.1015625 0.07109375
2 0.6640625 0.33671875 0.08671875 0.05859375
2 0.76484375 0.2640625 0.08671875 0.0453125
2 0.48515625 0.23671875 0.09921875 0.06484375
2 0.24921875 0.2203125 0.078125 0.06640625
2 0.26171875 0.13046875 0.078125 0.05703125
2 0.48828125 0.15703125 0.05390625 0.05625
2 0.72734375 0.090625 0.040625 0.0515625
2 0.08828125 0.0796875 0.06953125 0.04296875
2 0.03671875 0.290625 0.06015625 0.0484375
2 0.1359375 0.46875 0.0984375 0.0640625
2 0.403125 0.44453125 0.06328125 0.059375
2 0.415625 0.59296875 0.0734375 0.06328125
2 0.3453125 0.678125 0.090625 0.05234375
2 0.28046875 0.7953125 0.07421875 0.05234375
2 0.55859375 0.6875 0.0265625 0.04453125
2 0.66015625 0.43359375 0.09140625 0.04609375
2 0.81015625 0.5203125 0.07578125 0.05546875
2 0.06875 0.70859375 0.1 0.08203125
2 0.928125 0.1265625 0.1234375 0.071875
2 0.6 0.16640625 0.0765625 0.078125