1 0.4828125 0.78515625 0.084375 0.09140625
1 0.040625 0.88515625 0.08125 0.0875
1 0.2203125 0.55 0.1015625 0.07578125
1 0.65390625 0.453125 0.0859375 0.0921875
1 0.23671875 0.234375 0.09140625 0.0734375
1 0.33203125 0.66171875 0.1 0.06171875
1 0.33125 0.5484375 0.0703125 0.06328125
1 0.3015625 0.45234375 0.08515625 0.08046875
1 0.659375 0.5734375 0.096875 0.06875
1 0.078125 0.26171875 0.090625 0.08515625
1 0.57578125 0.784375 0.09453125 0.0984375
1 0.2390625 0.8796875 0.084375 0.08984375
1 0.2140625 0.453125 0.09921875 0.0875
1 0.38359375 0.77890625 0.0921875 0.07578125
1 0.22734375 0.1484375 0.0796875 0.06640625
1 0.7578125 0.34765625 0.078125 0.0875
1 0.5953125 0.03359375 0.090625 0.0671875
1 0.40390625 0.234375 0.1171875 0.1046875
1 0.07578125 0.96015625 0.084375 0.06328125
1 0.58046875 0.34296875 0.06015625 0.08046875
1 0.5671875 0.565625 0.0859375 0.10546875
1 0.6734375 0.22578125 0.10234375 0.0859375
1 0.56796875 0.88515625 0.07421875 0.06015625
1 0.478125 0.44921875 0.096875 0.07890625
1 0.3390625 0.3484375 0.1 0.07890625
1 0.575 0.23125 0.09453125 0.07578125
1 0.3890625 0.45703125 0.0765625 0.0734375
1 0.16015625 0.04921875 0.1140625 0.0984375
1 0.7375 0.82109375 0.0765625 0.08359375
1 0.4984375 0.3390625 0.0921875 0.0765625
1 0.41328125 0.65703125 0.0546875 0.06796875
1 0.75078125 0.484375 0.10234375 0.0890625
1 0.05390625 0.5609375 0.06796875 0.06484375
1 0.46640625 0.975 0.0890625 0.04921875
1 0.75625 0.14609375 0.05078125 0.06640625
1 0.7515625 0.5984375 0.0625 0.04296875
1 0.06171875 0.3578125 0.0890625 0.078125
1 0.66875 0.12890625 0.0921875 0.1125
1 0.5609375 0.4546875 0.06953125 0.06875
1 0.15703125 0.65078125 0.12578125 0.1015625
1 0.4265625 0.33125 0.053125 0.05390625
1 0.66015625 0.80234375 0.071875 0.06796875
1 0.48984375 0.68359375 0.1 0.078125
1 0.2046875 0.771875 0.0890625 0.1046875
1 0.29765625 0.965625 0.07578125 0.0671875
1 0.28828125 0.76875 0.08203125 0.0875
1 0.471875 0.565625 0.109375 0.0703125
1 0.02734375 0.67734375 0.0546875 0.071875
1 0.17421875 0.55859375 0.0921875 0.0625
1 0.15859375 0.2453125 0.046875 0.0640625
1 0.4890625 0.1125 0.11953125 0.11328125
1 0.04296875 0.78671875 0.0859375 0.090625
1 0.7625 0.24140625 0.06640625 0.05234375
1 0.6171875 0.690625 0.12421875 0.071875
1 0.334375 0.1296875 0.1375 0.06015625
1 0.0890625 0.1671875 0.128125 0.05625
1 0.0546875 0.471875 0.0875 0.08359375
1 0.18984375 0.35234375 0.09921875 0.06015625
1 0.2015625 0.96484375 0.12578125 0.0640625
1 0.38203125 0.87421875 0.15859375 0.0515625
1 0.7109375 0.91484375 0.0578125 0.04140625
1 0.33203125 0.03671875 0.06953125 0.0640625
1 0.42578125 0.02734375 0.1203125 0.0546875
1 0.53125 0.025 0.05859375 0.05
1 0.74140625 0.03828125 0.15859375 0.0765625