2 0.56875 0.20234375 0.08984375 0.0640625
2 0.07109375 0.16484375 0.1140625 0.06875
2 0.6796875 0.27421875 0.09375 0.07265625
2 0.81640625 0.4265625 0.13984375 0.09140625
2 0.165625 0.38125 0.08203125 0.05390625
2 0.31796875 0.6296875 0.09453125 0.0671875
2 0.04140625 0.7953125 0.0828125 0.08125
2 0.5390625 0.76875 0.09765625 0.0671875
2 0.490625 0.0296875 0.18359375 0.059375
2 0.840625 0.121875 0.153125 0.09296875
2 0.77109375 0.05078125 0.175 0.08515625
2 0.90859375 0.23828125 0.140625 0.0546875
2 0.64296875 0.42109375 0.1046875 0.10859375
2 0.37734375 0.2859375 0.0890625 0.103125
2 0.9828125 0.52890625 0.034375 0.0890625
2 0.8203125 0.5296875 0.19140625 0.05390625
2 0.534375 0.50234375 0.078125 0.075
2 0.41953125 0.42109375 0.084375 0.06484375
2 0.14921875 0.29921875 0.0734375 0.04765625
2 0.034375 0.4859375 0.05859375 0.06953125
2 0.3421875 0.71015625 0.10234375 0.06015625
2 0.9328125 0.740625 0.13359375 0.078125
2 0.61640625 0.815625 0.0796875 0.090625
2 0.3796875 0.8171875 0.11171875 0.05859375
2 0.12265625 0.84140625 0.128125 0.06640625