2 0.41015625 0.7 0.115625 0.084375
2 0.7453125 0.88671875 0.13046875 0.084375
2 0.5703125 0.88203125 0.109375 0.065625
2 0.821875 0.51171875 0.09921875 0.06328125
2 0.340625 0.38984375 0.10234375 0.0875
2 0.759375 0.3328125 0.1234375 0.09765625
2 0.30078125 0.81171875 0.11015625 0.07421875
2 0.04296875 0.46875 0.0859375 0.075
2 0.53828125 0.6359375 0.109375 0.08046875
2 0.62578125 0.43046875 0.096875 0.0671875
2 0.87578125 0.215625 0.1109375 0.07109375
2 0.703125 0.61953125 0.13984375 0.0875
2 0.0578125 0.609375 0.11484375 0.07890625
2 0.421875 0.92734375 0.109375 0.07421875
2 0.178125 0.8625 0.08828125 0.06171875
2 0.9421875 0.62578125 0.09765625 0.05703125
2 0.2796875 0.70078125 0.11875 0.08671875
2 0.2546875 0.2703125 0.0796875 0.06015625
2 0.85234375 0.64375 0.0984375 0.078125
2 0.1875 0.55390625 0.16328125 0.06328125
2 0.47578125 0.36875 0.09140625 0.08515625
2 0.62890625 0.346875 0.0984375 0.078125
2 0.0234375 0.3125 0.046875 0.0859375
2 0.13125 0.284375 0.12578125 0.08828125
2 0.015625 0.19609375 0.03125 0.08828125
2 0.21484375 0.12890625 0.115625 0.10625
2 0.3546875 0.03125 0.125 0.0625
2 0.5203125 0.01484375 0.134375 0.0296875
2 0.42734375 0.22890625 0.1453125 0.1
2 0.57578125 0.2390625 0.1203125 0.0921875
2 0.70703125 0.22890625 0.11171875 0.090625
2 0.365625 0.11328125 0.12109375 0.04609375
2 0.68515625 0.10234375 0.103125 0.1015625
2 0.85234375 0.103125 0.1375 0.1078125
2 0.9203125 0.01953125 0.159375 0.0390625
2 0.64296875 0.0140625 0.075 0.028125
2 0.971875 0.2484375 0.05625 0.10625
2 0.9015625 0.3546875 0.11484375 0.0828125
2 0.98671875 0.3578125 0.02578125 0.078125
2 0.88046875 0.75390625 0.15546875 0.07890625
2 0.15078125 0.43515625 0.11171875 0.07890625
2 0.16015625 0.0125 0.10234375 0.025
2 0.06328125 0.08359375 0.12265625 0.0875