1 0.35078125 0.77578125 0.0890625 0.08515625
1 0.13984375 0.7140625 0.078125 0.0921875
1 0.90859375 0.68828125 0.084375 0.0734375
1 0.48359375 0.4765625 0.10234375 0.0984375
1 0.1515625 0.79296875 0.0828125 0.06875
1 0.45625 0.76875 0.0734375 0.07265625
1 0.60078125 0.296875 0.11171875 0.09140625
1 0.35625 0.44140625 0.11171875 0.09609375
1 0.21171875 0.21875 0.10546875 0.1
1 0.240625 0.6953125 0.10390625 0.1078125
1 0.02890625 0.7953125 0.0578125 0.06875
1 0.48671875 0.2671875 0.10859375 0.12109375
1 0.04296875 0.05625 0.0859375 0.07734375
1 0.578125 0.6765625 0.09609375 0.11953125
1 0.9234375 0.5921875 0.084375 0.10546875
1 0.8984375 0.76484375 0.10078125 0.08359375
1 0.07578125 0.1234375 0.11953125 0.09921875
1 0.1171875 0.625 0.08984375 0.1140625
1 0.7765625 0.7359375 0.06875 0.078125
1 0.0265625 0.6640625 0.05234375 0.07890625
1 0.98671875 0.665625 0.0265625 0.11875
1 0.83671875 0.04453125 0.0890625 0.0890625
1 0.5671875 0.76484375 0.07109375 0.08671875
1 0.24921875 0.76640625 0.09453125 0.06796875
1 0.0203125 0.5734375 0.040625 0.075
1 0.009375 0.50078125 0.01796875 0.109375
1 0.015625 0.40546875 0.03046875 0.06328125
1 0.0046875 0.32734375 0.009375 0.121875
1 0.0046875 0.2109375 0.009375 0.0875
1 0.08203125 0.23125 0.09609375 0.11015625
1 0.0890625 0.3375 0.084375 0.115625
1 0.10078125 0.4515625 0.10078125 0.09921875
1 0.11171875 0.52578125 0.1140625 0.0953125
1 0.17890625 0.0359375 0.1046875 0.071875
1 0.1921875 0.11015625 0.10234375 0.10078125
1 0.2109375 0.315625 0.1 0.090625
1 0.22109375 0.40703125 0.1390625 0.10234375
1 0.24375 0.5484375 0.10546875 0.1765625
1 0.36796875 0.6890625 0.05234375 0.06796875
1 0.37265625 0.61875 0.06953125 0.07734375
1 0.3703125 0.5234375 0.084375 0.05390625
1 0.3453125 0.32890625 0.07734375 0.07265625
1 0.353125 0.2296875 0.103125 0.090625
1 0.32734375 0.1640625 0.0828125 0.0796875
1 0.3265625 0.09921875 0.12265625 0.096875
1 0.321875 0.0234375 0.103125 0.046875
1 0.471875 0.03046875 0.1015625 0.0609375
1 0.47734375 0.1296875 0.1125 0.184375
1 0.61328125 0.09765625 0.1078125 0.12265625
1 0.61875 0.0375 0.1 0.075
1 0.62421875 0.22578125 0.096875 0.13046875
1 0.61484375 0.40703125 0.115625 0.12890625
1 0.61875 0.48984375 0.09375 0.0765625
1 0.60546875 0.5765625 0.11171875 0.08125
1 0.48515625 0.55859375 0.07421875 0.0859375
1 0.471875 0.628125 0.06484375 0.05546875
1 0.4640625 0.69921875 0.08984375 0.07265625
1 0.690625 0.67890625 0.07578125 0.06953125
1 0.6984375 0.5953125 0.0890625 0.10234375
1 0.71640625 0.48671875 0.0953125 0.11015625
1 0.72578125 0.40078125 0.0953125 0.10546875
1 0.7375 0.27109375 0.10234375 0.14453125
1 0.7296875 0.16484375 0.06484375 0.065625
1 0.7078125 0.0609375 0.08515625 0.121875
1 0.859375 0.12734375 0.11015625 0.09765625
1 0.85 0.2609375 0.12265625 0.121875
1 0.8359375 0.38671875 0.0890625 0.11484375
1 0.821875 0.4984375 0.10703125 0.11171875
1 0.8203125 0.6125 0.0984375 0.10234375
1 0.94296875 0.484375 0.10859375 0.11640625
1 0.96171875 0.37265625 0.0765625 0.11328125
1 0.95625 0.16796875 0.0875 0.1765625
1 0.94765625 0.06015625 0.1046875 0.11953125