1 0.934375 0.775 0.06875 0.07265625
1 0.78671875 0.7890625 0.109375 0.071875
1 0.7046875 0.8125 0.0921875 0.065625
1 0.55390625 0.82265625 0.08828125 0.0421875
1 0.43671875 0.81484375 0.10078125 0.059375
1 0.34921875 0.8015625 0.09375 0.0515625
1 0.25 0.81484375 0.05859375 0.06171875
1 0.37734375 0.6859375 0.0609375 0.03046875
1 0.5078125 0.70625 0.046875 0.0375
1 0.6390625 0.68984375 0.0578125 0.034375
1 0.82109375 0.721875 0.01015625 0.00703125
1 0.715625 0.6796875 0.05625 0.0890625
1 0.8078125 0.6625 0.08828125 0.05703125
1 0.890625 0.67265625 0.103125 0.05703125
1 0.253125 0.70078125 0.17734375 0.07109375
1 0.14375 0.690625 0.0375 0.0328125
1 0.14921875 0.5609375 0.06171875 0.04765625
1 0.2203125 0.55703125 0.053125 0.04609375
1 0.3 0.58046875 0.0734375 0.04765625
1 0.39140625 0.584375 0.11640625 0.04609375
1 0.5078125 0.5671875 0.04765625 0.040625
1 0.54921875 0.584375 0.02578125 0.03203125
1 0.58828125 0.57734375 0.0390625 0.03203125
1 0.67265625 0.58984375 0.065625 0.0328125
1 0.74296875 0.60234375 0.06171875 0.0421875
1 0.8484375 0.57734375 0.065625 0.0578125
1 0.9484375 0.57109375 0.103125 0.0453125
1 0.95546875 0.67890625 0.046875 0.04140625
1 0.159375 0.46640625 0.07734375 0.0828125
1 0.25703125 0.46875 0.08671875 0.06484375
1 0.3734375 0.46875 0.046875 0.04921875
1 0.4625 0.47421875 0.0453125 0.03828125
1 0.56484375 0.45703125 0.07734375 0.0546875
1 0.65078125 0.434375 0.05625 0.0578125
1 0.7171875 0.4328125 0.0984375 0.0671875
1 0.803125 0.4515625 0.09375 0.05234375
1 0.884375 0.44921875 0.06640625 0.0515625
1 0.8671875 0.4078125 0.07890625 0.05
1 0.78515625 0.353125 0.09296875 0.0640625
1 0.69453125 0.33984375 0.08828125 0.05078125
1 0.6140625 0.35625 0.053125 0.08359375
1 0.4265625 0.33828125 0.06953125 0.040625
1 0.2515625 0.34140625 0.05390625 0.0265625
1 0.9828125 0.46015625 0.034375 0.06640625
1 0.98671875 0.25859375 0.0265625 0.065625
1 0.81953125 0.21640625 0.090625 0.08203125
1 0.690625 0.1953125 0.10625 0.04453125
1 0.6046875 0.20390625 0.0640625 0.084375
1 0.49765625 0.21484375 0.071875 0.075
1 0.4046875 0.2203125 0.06328125 0.06328125
1 0.2609375 0.20859375 0.0828125 0.0578125
1 0.175 0.21328125 0.06875 0.053125
1 0.2359375 0.08671875 0.0484375 0.06640625
1 0.31875 0.09453125 0.10859375 0.1078125
1 0.43046875 0.1 0.05 0.0640625
1 0.5125 0.08671875 0.09765625 0.0859375
1 0.55546875 0.14609375 0.003125 0.01015625
1 0.6015625 0.09140625 0.071875 0.05234375
1 0.68828125 0.121875 0.1203125 0.0703125
1 0.7984375 0.09140625 0.10390625 0.0796875
1 0.88046875 0.10625 0.08046875 0.08515625
1 0.96015625 0.1234375 0.0796875 0.08828125
1 0.3640625 0.01640625 0.0578125 0.0328125
1 0.5125 0.02109375 0.16796875 0.0421875
1 0.7265625 0.02109375 0.09296875 0.0421875
1 0.815625 0.025 0.10390625 0.0453125
1 0.95703125 0.025 0.0859375 0.0484375
1 0.14375 0.79453125 0.07109375 0.05390625