1 0.3 0.41484375 0.08046875 0.078125
1 0.053125 0.38984375 0.06328125 0.08828125
1 0.4328125 0.73828125 0.0890625 0.065625
1 0.728125 0.684375 0.0671875 0.0734375
1 0.48671875 0.00625 0.1015625 0.0125
1 0.97109375 0.65078125 0.0578125 0.0734375
1 0.1765625 0.3671875 0.11484375 0.09296875
1 0.97734375 0.7859375 0.0453125 0.08984375
1 0.84765625 0.75703125 0.14453125 0.09765625
1 0.70390625 0.8390625 0.078125 0.06640625
1 0.553125 0.80703125 0.075 0.115625
1 0.86953125 0.94765625 0.08203125 0.10234375
1 0.99296875 0.92890625 0.01328125 0.1296875
1 0.85390625 0.6375 0.0859375 0.0953125
1 0.96953125 0.54140625 0.0609375 0.1296875
1 0.79765625 0.38671875 0.07890625 0.078125
1 0.7109375 0.37734375 0.07265625 0.0671875
1 0.55625 0.5375 0.0890625 0.121875
1 0.415625 0.59609375 0.0625 0.09140625
1 0.434375 0.471875 0.05703125 0.09140625
1 0.296875 0.55546875 0.05078125 0.11640625
1 0.2796875 0.740625 0.08515625 0.08359375
1 0.23984375 0.934375 0.0859375 0.13125
1 0.1203125 0.75 0.0640625 0.15
1 0.06796875 0.90859375 0.103125 0.10703125
1 0.0375 0.54296875 0.075 0.11015625
1 0.1328125 0.53984375 0.06875 0.0796875
1 0.06015625 0.26015625 0.11953125 0.1109375
1 0.94140625 0.40546875 0.0828125 0.1046875
1 0.96328125 0.27421875 0.06171875 0.115625
1 0.81640625 0.2421875 0.08515625 0.09375
1 0.93125 0.12109375 0.0828125 0.09296875
1 0.8234375 0.15234375 0.10859375 0.0890625
1 0.6765625 0.1875 0.08515625 0.1296875
1 0.82421875 0.028125 0.08046875 0.05625
1 0.5953125 0.03515625 0.08203125 0.0703125
1 0.50078125 0.11953125 0.07890625 0.1140625
1 0.3671875 0.08984375 0.1 0.08515625
1 0.359375 0.1625 0.08046875 0.08515625
1 0.45390625 0.36328125 0.06015625 0.08984375
1 0.5703125 0.36171875 0.06484375 0.07265625
1 0.26015625 0.0296875 0.10390625 0.05859375
1 0.3796875 0.01484375 0.0671875 0.0296875
1 0.2125 0.15 0.08203125 0.06640625
1 0.07109375 0.12421875 0.07890625 0.0859375
1 0.121875 0.0140625 0.05390625 0.028125
1 0.54140625 0.95 0.06953125 0.07578125