1 0.7015625 0.8375 0.10234375 0.096875
1 0.171875 0.621875 0.071875 0.078125
1 0.4078125 0.83984375 0.07734375 0.08125
1 0.25078125 0.41484375 0.009375 0.0125
1 0.278125 0.48125 0.06484375 0.08984375
1 0.2765625 0.13203125 0.065625 0.09140625
1 0.7984375 0.14375 0.06328125 0.05078125
1 0.94765625 0.8671875 0.0859375 0.075
1 0.6625 0.61328125 0.10703125 0.1140625
1 0.29296875 0.29609375 0.09453125 0.0609375
1 0.39609375 0.16015625 0.0734375 0.07890625
1 0.609375 0.82890625 0.0421875 0.05546875
1 0.38515625 0.7171875 0.07578125 0.08125
1 0.3921875 0.28984375 0.08046875 0.05390625
1 0.84765625 0.88984375 0.07109375 0.07890625
1 0.6578125 0.28671875 0.08125 0.0875
1 0.04765625 0.61171875 0.0953125 0.07734375
1 0.08203125 0.9171875 0.05625 0.0625
1 0.18359375 0.91640625 0.08984375 0.0765625
1 0.04921875 0.79375 0.08359375 0.0703125
1 0.17578125 0.7296875 0.08671875 0.11484375
1 0.28046875 0.58359375 0.065625 0.06875
1 0.43359375 0.57578125 0.06796875 0.11328125
1 0.40546875 0.45625 0.06796875 0.1109375
1 0.01484375 0.2265625 0.0296875 0.11875
1 0.16328125 0.26875 0.14453125 0.0734375
1 0.1375 0.128125 0.1140625 0.08828125
1 0.85390625 0.55234375 0.1140625 0.11953125
1 0.54140625 0.54609375 0.09609375 0.075
1 0.65234375 0.48671875 0.0890625 0.140625
1 0.534375 0.42890625 0.09140625 0.08515625
1 0.84375 0.36015625 0.071875 0.0640625
1 0.76953125 0.20703125 0.07109375 0.08984375
1 0.5265625 0.76171875 0.06171875 0.08359375
1 0.61953125 0.9015625 0.05859375 0.08515625
1 0.30234375 0.91640625 0.09609375 0.103125
1 0.3234375 0.79453125 0.13046875 0.146875
1 0.1671875 0.396875 0.07734375 0.08671875
1 0.90703125 0.134375 0.1140625 0.15078125
1 0.8734375 0.27890625 0.05546875 0.10625
1 0.978125 0.41484375 0.04375 0.1078125
1 0.98125 0.16015625 0.0375 0.16328125
1 0.66640625 0.1828125 0.04921875 0.11328125