1 0.2421875 0.46953125 0.08984375 0.103125
1 0.0390625 0.6421875 0.078125 0.0984375
1 0.25625 0.05078125 0.096875 0.1015625
1 0.9453125 0.78203125 0.10859375 0.09296875
1 0.93125 0.39296875 0.08046875 0.09140625
1 0.03125 0.9640625 0.06171875 0.071875
1 0.72421875 0.9375 0.09296875 0.06328125
1 0.7796875 0.35546875 0.12265625 0.096875
1 0.9109375 0.95546875 0.1015625 0.06796875
1 0.12421875 0.35546875 0.10703125 0.08515625
1 0.74140625 0.76953125 0.096875 0.08671875
1 0.2375 0.628125 0.1078125 0.1140625
1 0.04375 0.7796875 0.0875 0.109375
1 0.76171875 0.225 0.1328125 0.11796875
1 0.515625 0.91640625 0.08828125 0.09921875
1 0.82734375 0.6515625 0.09765625 0.08671875
1 0.34140625 0.6171875 0.078125 0.08671875
1 0.62265625 0.909375 0.08828125 0.08125
1 0.825 0.90625 0.08828125 0.10078125
1 0.634375 0.20390625 0.115625 0.128125
1 0.525 0.1953125 0.0890625 0.07265625
1 0.7875 0.13515625 0.10390625 0.0578125
1 0.95390625 0.134375 0.0734375 0.0796875
1 0.93515625 0.2703125 0.1296875 0.12578125
1 0.16015625 0.9484375 0.1015625 0.103125
1 0.64375 0.34140625 0.1078125 0.09140625
1 0.11015625 0.4828125 0.15390625 0.1203125
1 0.51171875 0.06171875 0.21875 0.1234375
1 0.94609375 0.659375 0.1078125 0.10859375
1 0.48359375 0.4734375 0.121875 0.07578125
1 0.3546875 0.465625 0.11875 0.1046875
1 0.49375 0.765625 0.2890625 0.15859375
1 0.278125 0.75703125 0.0984375 0.1046875
1 0.22421875 0.2125 0.18828125 0.11484375
1 0.03828125 0.215625 0.0765625 0.13125
1 0.04140625 0.33828125 0.0828125 0.12890625