2 0.059375 0.62421875 0.11875 0.0890625
2 0.3375 0.2078125 0.1 0.0734375
2 0.9609375 0.66796875 0.078125 0.0640625
2 0.23046875 0.5515625 0.08828125 0.0671875
2 0.28671875 0.73828125 0.10546875 0.09765625
2 0.63984375 0.96953125 0.0953125 0.0609375
2 0.4640625 0.8015625 0.13046875 0.103125
2 0.5015625 0.58203125 0.1 0.07734375
2 0.28984375 0.403125 0.09140625 0.071875
2 0.17734375 0.153125 0.14765625 0.08203125
2 0.04140625 0.29296875 0.0828125 0.06484375
2 0.72109375 0.134375 0.11953125 0.08828125
2 0.6109375 0.465625 0.13046875 0.0796875
2 0.89140625 0.41875 0.1890625 0.11640625
2 0.92734375 0.2 0.12109375 0.19609375
2 0.3546875 0.01640625 0.15703125 0.0328125
2 0.5640625 0.1140625 0.1171875 0.0625
2 0.6390625 0.33984375 0.1234375 0.07421875
2 0.421875 0.925 0.15703125 0.125
2 0.05234375 0.7546875 0.1046875 0.11171875
2 0.12578125 0.8328125 0.05859375 0.065625
2 0.090625 0.94453125 0.11875 0.0796875
2 0.96484375 0.8671875 0.0703125 0.1265625
2 0.6375 0.625 0.17109375 0.0828125
2 0.64921875 0.83203125 0.1171875 0.09453125