2 0.2421875 0.31015625 0.10625 0.065625
2 0.6734375 0.846875 0.11953125 0.08359375
2 0.0640625 0.215625 0.08125 0.053125
2 0.73359375 0.05546875 0.16015625 0.07734375
2 0.6671875 0.3625 0.0640625 0.0484375
2 0.8015625 0.87109375 0.11875 0.08828125
2 0.465625 0.6390625 0.15546875 0.0984375
2 0.4578125 0.13515625 0.08359375 0.0734375
2 0.15234375 0.18125 0.078125 0.05
2 0.3328125 0.159375 0.08046875 0.059375
2 0.60234375 0.09375 0.08671875 0.053125
2 0.76953125 0.18828125 0.09609375 0.06328125
2 0.66953125 0.2328125 0.071875 0.06484375
2 0.3796875 0.28828125 0.08515625 0.0625
2 0.528125 0.2578125 0.11875 0.06328125
2 0.55703125 0.38046875 0.10234375 0.05859375
2 0.6921875 0.43359375 0.11171875 0.065625
2 0.8140625 0.30546875 0.1421875 0.0984375
2 0.74375 0.6046875 0.12890625 0.06796875
2 0.4703125 0.509375 0.109375 0.06953125
2 0.27265625 0.55 0.12578125 0.0984375
2 0.1078125 0.43515625 0.15546875 0.07890625
2 0.159375 0.58671875 0.09453125 0.07578125
2 0.16640625 0.68515625 0.13671875 0.109375
2 0.32890625 0.66640625 0.13671875 0.0703125
2 0.22421875 0.77890625 0.0921875 0.07734375
2 0.35703125 0.7640625 0.10234375 0.06328125
2 0.48203125 0.76484375 0.0875 0.05703125
2 0.6546875 0.73671875 0.1109375 0.07109375
2 0.9 0.69296875 0.13984375 0.08984375
2 0.934375 0.83046875 0.12578125 0.1015625
2 0.9296875 0.92578125 0.12109375 0.09140625
2 0.828125 0.96640625 0.090625 0.0671875
2 0.71015625 0.96875 0.10234375 0.0625
2 0.56328125 0.9734375 0.1359375 0.05234375
2 0.52578125 0.86875 0.103125 0.109375
2 0.3875 0.890625 0.16171875 0.09609375
2 0.42265625 0.978125 0.1078125 0.04375
2 0.25234375 0.9015625 0.1015625 0.11171875
2 0.0765625 0.896875 0.1203125 0.07890625
2 0.08125 0.98359375 0.08828125 0.0328125
2 0.6484375 0.5328125 0.0953125 0.0515625