2 0.73515625 0.5421875 0.11171875 0.0734375
2 0.22265625 0.06015625 0.09609375 0.08046875
2 0.23984375 0.56328125 0.1125 0.07421875
2 0.12890625 0.18828125 0.121875 0.1046875
2 0.73359375 0.66328125 0.10546875 0.08828125
2 0.71875 0.04140625 0.115625 0.0828125
2 0.0296875 0.52578125 0.059375 0.078125
2 0.975 0.296875 0.05 0.11484375
2 0.765625 0.30703125 0.121875 0.0765625
2 0.63984375 0.3578125 0.09375 0.08359375
2 0.94921875 0.125 0.10078125 0.090625
2 0.78203125 0.171875 0.09921875 0.1234375
2 0.6234375 0.2015625 0.084375 0.0765625
2 0.484375 0.21484375 0.10703125 0.09921875
2 0.296875 0.1796875 0.09140625 0.09453125
2 0.56640625 0.04921875 0.14609375 0.09765625
2 0.9140625 0.0125 0.13671875 0.02421875
2 0.4015625 0.03984375 0.140625 0.0796875
2 0.06484375 0.05 0.1296875 0.1
2 0.23984375 0.63671875 0.14765625 0.08671875
2 0.8984375 0.70859375 0.12734375 0.09765625
2 0.9359375 0.84921875 0.128125 0.096875
2 0.91171875 0.96875 0.1765625 0.0625
2 0.4140625 0.846875 0.1109375 0.128125
2 0.22890625 0.8125 0.14765625 0.0921875
2 0.07578125 0.8421875 0.0953125 0.10078125
2 0.19765625 0.9453125 0.1203125 0.109375
2 0.04609375 0.96484375 0.07109375 0.0703125
2 0.5328125 0.98359375 0.1640625 0.03203125
2 0.5734375 0.86953125 0.09921875 0.1171875
2 0.70859375 0.9765625 0.12890625 0.046875
2 0.10859375 0.35546875 0.1109375 0.0875