2 0.9421875 0.38203125 0.115625 0.08828125
2 0.45390625 0.50703125 0.125 0.0828125
2 0.05546875 0.42890625 0.1109375 0.06796875
2 0.353125 0.8453125 0.14609375 0.10390625
2 0.3171875 0.971875 0.14609375 0.05546875
2 0.90078125 0.75703125 0.14140625 0.0765625
2 0.52890625 0.17421875 0.1359375 0.11640625
2 0.7234375 0.20546875 0.1828125 0.14140625
2 0.45859375 0.33125 0.09140625 0.10625
2 0.33515625 0.33828125 0.103125 0.1078125
2 0.1796875 0.30625 0.1375 0.0859375
2 0.2671875 0.4515625 0.09453125 0.0765625
2 0.0625 0.55625 0.0734375 0.08984375
2 0.703125 0.52890625 0.11484375 0.08984375
2 0.2375 0.16484375 0.08828125 0.1171875
2 0.05078125 0.1859375 0.1015625 0.09375
2 0.11015625 0.03359375 0.11484375 0.0671875
2 0.6 0.05390625 0.11484375 0.08125
2 0.7984375 0.04453125 0.128125 0.0890625
2 0.89765625 0.20390625 0.11953125 0.10390625
2 0.7703125 0.3453125 0.1265625 0.08359375
2 0.49140625 0.69140625 0.1078125 0.07734375
2 0.64296875 0.88828125 0.1546875 0.11015625
2 0.13671875 0.95078125 0.103125 0.09375
2 0.16015625 0.784375 0.109375 0.1140625
2 0.034375 0.78828125 0.06875 0.1109375
2 0.2265625 0.615625 0.14296875 0.12890625
2 0.2671875 0.046875 0.10625 0.09375
2 0.42890625 0.05234375 0.08828125 0.1
2 0.353125 0.196875 0.14921875 0.0796875
2 0.98125 0.24296875 0.03671875 0.11640625