1 0.55078125 0.73984375 0.11015625 0.1078125
1 0.6390625 0.46484375 0.1 0.08828125
1 0.09609375 0.7953125 0.109375 0.090625
1 0.6453125 0.37578125 0.1 0.0859375
1 0.596875 0.57421875 0.1296875 0.0953125
1 0.24375 0.4484375 0.15 0.1171875
1 0.8921875 0.21328125 0.109375 0.078125
1 0.84375 0.46640625 0.0953125 0.1140625
1 0.6875 0.1453125 0.08046875 0.06953125
1 0.7046875 0.21328125 0.14765625 0.065625
1 0.6625 0.28203125 0.10859375 0.0546875
1 0.49140625 0.1875 0.084375 0.1109375
1 0.4828125 0.284375 0.0875 0.06875
1 0.875 0.2953125 0.14453125 0.07109375
1 0.8875 0.3640625 0.07734375 0.05390625
1 0.85859375 0.55703125 0.14921875 0.0546875
1 0.8203125 0.64765625 0.06484375 0.09453125
1 0.7640625 0.75 0.12109375 0.09296875
1 0.7546875 0.82265625 0.08125 0.08046875
1 0.55390625 0.85546875 0.0828125 0.10234375
1 0.57890625 0.64375 0.1015625 0.08359375
1 0.42890625 0.53125 0.09453125 0.08359375
1 0.353125 0.61015625 0.1421875 0.06328125
1 0.31953125 0.71953125 0.11640625 0.07734375
1 0.1515625 0.6390625 0.12109375 0.09609375
1 0.309375 0.1609375 0.08046875 0.06171875
1 0.2765625 0.28828125 0.1296875 0.059375
1 0.29921875 0.3671875 0.13515625 0.06875
1 0.090625 0.14921875 0.140625 0.08359375
1 0.0609375 0.30859375 0.0984375 0.0859375
1 0.04765625 0.49375 0.0953125 0.053125
1 0.02265625 0.590625 0.0453125 0.071875
1 0.290625 0.825 0.1296875 0.06171875
1 0.2046875 0.5453125 0.0953125 0.06640625
1 0.446875 0.4203125 0.08984375 0.05