1 0.82890625 0.18125 0.084375 0.10546875
1 0.4890625 0.43984375 0.078125 0.05625
1 0.7171875 0.74296875 0.07109375 0.06171875
1 0.684375 0.1703125 0.12109375 0.08984375
1 0.0875 0.42890625 0.08671875 0.0640625
1 0.4609375 0.54453125 0.0953125 0.0828125
1 0.3640625 0.2515625 0.1015625 0.0859375
1 0.8375 0.88671875 0.1109375 0.15703125
1 0.86484375 0.740625 0.0453125 0.1125
1 0.9859375 0.77265625 0.028125 0.11171875
1 0.88671875 0.55 0.03671875 0.0921875
1 0.93359375 0.3953125 0.0359375 0.08515625
1 0.95078125 0.2671875 0.053125 0.10078125
1 0.97578125 0.17421875 0.0484375 0.084375
1 0.7828125 0.31328125 0.06015625 0.103125
1 0.7453125 0.55703125 0.06484375 0.11328125
1 0.0765625 0.0625 0.0734375 0.0609375
1 0.35859375 0.615625 0.0921875 0.11171875
1 0.20703125 0.46796875 0.071875 0.08984375
1 0.32421875 0.853125 0.0609375 0.10390625
1 0.18125 0.84140625 0.11484375 0.05390625
1 0.18359375 0.9390625 0.06328125 0.07890625
1 0.05703125 0.8953125 0.03671875 0.0765625
1 0.4640625 0.80859375 0.10078125 0.08984375
1 0.47265625 0.65390625 0.0578125 0.07890625
1 0.5265625 0.2796875 0.0703125 0.09140625
1 0.0828125 0.16484375 0.08046875 0.15859375
1 0.68984375 0.8578125 0.0921875 0.1234375
1 0.671875 0.33515625 0.1 0.13125
1 0.7890625 0.46640625 0.07265625 0.078125
1 0.578125 0.69765625 0.07265625 0.1328125
1 0.31015625 0.9421875 0.0859375 0.0578125
1 0.3765625 0.38046875 0.08359375 0.09921875
1 0.60234375 0.49140625 0.0515625 0.07109375
1 0.22734375 0.2015625 0.0875 0.17578125
1 0.20625 0.37265625 0.0671875 0.09296875
1 0.06953125 0.30546875 0.09609375 0.1015625
1 0.0609375 0.55078125 0.09765625 0.08828125
1 0.07890625 0.64375 0.1234375 0.11484375
1 0.1953125 0.6859375 0.05390625 0.103125
1 0.69921875 0.96953125 0.0703125 0.0609375
1 0.80859375 0.97578125 0.08125 0.0484375
1 0.95859375 0.859375 0.08125 0.1015625
1 0.56796875 0.9625 0.0671875 0.075
1 0.56171875 0.8390625 0.05234375 0.059375