1 0.0234375 0.8515625 0.046875 0.0765625
1 0.6515625 0.96875 0.11640625 0.06171875
1 0.08828125 0.55625 0.08828125 0.0953125
1 0.5921875 0.68125 0.08671875 0.07109375
1 0.03515625 0.9796875 0.0703125 0.040625
1 0.78671875 0.4859375 0.1015625 0.07265625
1 0.5078125 0.46953125 0.06171875 0.06015625
1 0.03828125 0.71328125 0.07578125 0.0734375
1 0.69140625 0.47109375 0.0859375 0.07578125
1 0.97578125 0.865625 0.0484375 0.090625
1 0.86015625 0.86328125 0.13203125 0.096875
1 0.659375 0.85078125 0.1953125 0.115625
1 0.4703125 0.83125 0.1578125 0.09765625
1 0.32265625 0.84375 0.11015625 0.08203125
1 0.41171875 0.7078125 0.21328125 0.11328125
1 0.18125 0.69609375 0.18359375 0.10390625
1 0.29375 0.528125 0.10859375 0.0921875
1 0.4328125 0.51796875 0.13046875 0.11015625
1 0.22265625 0.97578125 0.171875 0.0484375
1 0.415625 0.97734375 0.16875 0.0453125
1 0.55703125 0.96875 0.134375 0.06171875
1 0.046875 0.43671875 0.09375 0.06953125
1 0.18125 0.41171875 0.1515625 0.090625
1 0.3484375 0.39140625 0.1578125 0.10078125
1 0.46796875 0.3515625 0.08515625 0.10703125
1 0.6265625 0.346875 0.16171875 0.0890625
1 0.8109375 0.32265625 0.19140625 0.07890625
1 0.95625 0.30625 0.0875 0.090625
1 0.9453125 0.1109375 0.109375 0.0828125
1 0.83828125 0.1390625 0.1515625 0.13046875
1 0.640625 0.16875 0.10625 0.053125
1 0.51484375 0.1671875 0.16015625 0.065625
1 0.40234375 0.196875 0.15625 0.07734375
1 0.2015625 0.2609375 0.1875 0.10078125
1 0.05546875 0.31640625 0.1109375 0.0875
1 0.11796875 0.128125 0.15625 0.0546875
1 0.31875 0.08203125 0.22109375 0.09375
1 0.559375 0.02578125 0.08671875 0.05078125
1 0.6671875 0.03046875 0.071875 0.0609375
1 0.05859375 0.025 0.1171875 0.05
1 0.8828125 0.66796875 0.171875 0.1203125
1 0.70390625 0.709375 0.06875 0.09140625
1 0.88671875 0.51796875 0.09921875 0.08828125
1 0.015625 0.57734375 0.03125 0.0859375