1 0.70625 0.6140625 0.09921875 0.0734375
1 0.9859375 0.95625 0.028125 0.0875
1 0.76484375 0.196875 0.09921875 0.13671875
1 0.7265625 0.30625 0.1109375 0.12109375
1 0.6 0.41640625 0.10390625 0.15625
1 0.41640625 0.42421875 0.0578125 0.0796875
1 0.8921875 0.3484375 0.0921875 0.16015625
1 0.88515625 0.178125 0.1015625 0.078125
1 0.6046875 0.146875 0.06953125 0.1828125
1 0.6078125 0.02890625 0.0953125 0.05703125
1 0.59609375 0.27890625 0.1109375 0.12578125
1 0.47890625 0.2234375 0.10390625 0.090625
1 0.45078125 0.321875 0.05859375 0.07421875
1 0.47578125 0.07109375 0.10390625 0.1328125
1 0.34140625 0.02578125 0.1015625 0.0515625
1 0.3265625 0.08671875 0.10390625 0.08671875
1 0.3125 0.21484375 0.07109375 0.0546875
1 0.26484375 0.38671875 0.06953125 0.0796875
1 0.17109375 0.04453125 0.084375 0.0890625
1 0.15078125 0.19453125 0.065625 0.1421875
1 0.9046875 0.04609375 0.09609375 0.090625
1 0.9734375 0.14453125 0.053125 0.209375
1 0.77265625 0.04375 0.10859375 0.0875
1 0.8890625 0.52109375 0.06953125 0.14921875
1 0.725 0.43984375 0.06953125 0.08671875
1 0.78515625 0.54609375 0.09765625 0.09609375
1 0.5796875 0.55546875 0.04140625 0.0765625
1 0.43203125 0.5234375 0.03984375 0.0796875
1 0.990625 0.7171875 0.01875 0.28203125
1 0.8625 0.62265625 0.08046875 0.09375
1 0.8875 0.8921875 0.1125 0.1953125
1 0.70078125 0.91015625 0.07734375 0.09609375
1 0.69375 0.73828125 0.07734375 0.1546875
1 0.39375 0.6515625 0.0734375 0.1015625
1 0.08984375 0.665625 0.109375 0.115625
1 0.0421875 0.80703125 0.084375 0.13515625
1 0.03359375 0.3734375 0.0671875 0.0921875
1 0.05625 0.1015625 0.09921875 0.14921875
1 0.01015625 0.22890625 0.0203125 0.10078125
1 0.23671875 0.75078125 0.18203125 0.1828125
1 0.11875 0.396875 0.08984375 0.17734375
1 0.23671875 0.5640625 0.0671875 0.10859375
1 0.53828125 0.75859375 0.08671875 0.21328125