1 0.45625 0.3140625 0.1375 0.0828125
1 0.45390625 0.21796875 0.10078125 0.08203125
1 0.03203125 0.19921875 0.0640625 0.0921875
1 0.12578125 0.6296875 0.10390625 0.1125
1 0.20546875 0.20546875 0.18125 0.071875
1 0.2640625 0.3234375 0.1609375 0.05625
1 0.30703125 0.43671875 0.153125 0.06953125
1 0.0515625 0.315625 0.103125 0.1
1 0.0734375 0.43671875 0.146875 0.090625
1 0.6671875 0.25546875 0.1765625 0.08125
1 0.6890625 0.36328125 0.10859375 0.10234375
1 0.50234375 0.49140625 0.17109375 0.071875
1 0.47109375 0.37109375 0.1375 0.090625
1 0.1421875 0.546875 0.153125 0.0859375
1 0.1703125 0.7171875 0.09765625 0.078125
1 0.14921875 0.78203125 0.134375 0.0453125
1 0.1296875 0.86328125 0.10390625 0.0765625
1 0.3296875 0.88359375 0.1296875 0.059375
1 0.36328125 0.803125 0.07890625 0.09140625
1 0.35 0.63671875 0.128125 0.096875
1 0.3578125 0.5359375 0.1421875 0.08671875
1 0.7140625 0.44375 0.115625 0.07421875
1 0.703125 0.5390625 0.12421875 0.06171875
1 0.73515625 0.61796875 0.14296875 0.071875
1 0.72109375 0.6875 0.1234375 0.0625
1 0.69765625 0.7984375 0.0796875 0.078125
1 0.67890625 0.90703125 0.11328125 0.06328125
1 0.8640625 0.92265625 0.1703125 0.071875
1 0.8828125 0.78515625 0.10078125 0.065625
1 0.87421875 0.709375 0.128125 0.0734375
1 0.91015625 0.62421875 0.13046875 0.06875
1 0.92265625 0.53984375 0.121875 0.04453125
1 0.91328125 0.45390625 0.1125 0.0640625
1 0.92890625 0.36328125 0.1390625 0.078125
1 0.9234375 0.24765625 0.12421875 0.08828125
1 0.53515625 0.60234375 0.11640625 0.10390625
1 0.53046875 0.6578125 0.11953125 0.07734375
1 0.53125 0.76015625 0.15859375 0.06875
1 0.50078125 0.840625 0.12890625 0.0609375