1 0.4390625 0.3296875 0.0796875 0.07421875
1 0.95625 0.0953125 0.0765625 0.0734375
1 0.59140625 0.32734375 0.0703125 0.07578125
1 0.2859375 0.13125 0.0984375 0.08671875
1 0.034375 0.553125 0.06875 0.0921875
1 0.325 0.79609375 0.09296875 0.11640625
1 0.59609375 0.20859375 0.0671875 0.09765625
1 0.73046875 0.08203125 0.07421875 0.0921875
1 0.5703125 0.08125 0.075 0.0875
1 0.88984375 0.4 0.06328125 0.05390625
1 0.03359375 0.040625 0.06640625 0.07265625
1 0.11796875 0.0515625 0.0671875 0.103125
1 0.02265625 0.1390625 0.0453125 0.08671875
1 0.03125 0.29609375 0.0625 0.0828125
1 0.046875 0.428125 0.06953125 0.07265625
1 0.15390625 0.2984375 0.05859375 0.10546875
1 0.1546875 0.421875 0.08046875 0.06015625
1 0.165625 0.55390625 0.0515625 0.07421875
1 0.08046875 0.69921875 0.04921875 0.08046875
1 0.21484375 0.66328125 0.09453125 0.05703125
1 0.0765625 0.85859375 0.08125 0.06796875
1 0.05703125 0.9625 0.0375 0.06796875
1 0.19375 0.79765625 0.08125 0.16875
1 0.3421875 0.96484375 0.05703125 0.06640625
1 0.471875 0.9171875 0.0671875 0.08671875
1 0.471875 0.77578125 0.12578125 0.07890625
1 0.459375 0.6171875 0.06171875 0.08984375
1 0.33671875 0.66171875 0.0765625 0.06015625
1 0.3125 0.51015625 0.08125 0.128125
1 0.29453125 0.3875 0.06328125 0.06953125
1 0.2796875 0.2703125 0.071875 0.09140625
1 0.2890625 0.0328125 0.05390625 0.06484375
1 0.4328125 0.11015625 0.05703125 0.08359375
1 0.4375 0.21640625 0.0453125 0.08359375
1 0.3828125 0.21796875 0.02890625 0.04609375
1 0.4640625 0.46875 0.05859375 0.08984375
1 0.58984375 0.47421875 0.08359375 0.09140625
1 0.61953125 0.78828125 0.08046875 0.07890625
1 0.6421875 0.93984375 0.0671875 0.10703125
1 0.82578125 0.87265625 0.06875 0.1234375
1 0.81875 0.7296875 0.0734375 0.07578125
1 0.80546875 0.59921875 0.1015625 0.1375
1 0.759375 0.46484375 0.05625 0.07578125
1 0.60859375 0.61171875 0.06171875 0.134375
1 0.74921875 0.19765625 0.065625 0.06640625
1 0.7328125 0.31875 0.06328125 0.04609375
1 0.82578125 0.05234375 0.06171875 0.08671875
1 0.834375 0.15390625 0.07578125 0.10078125
1 0.95390625 0.8953125 0.090625 0.14375