1 0.1484375 0.36328125 0.09453125 0.084375
1 0.825 0.328125 0.090625 0.09453125
1 0.83515625 0.421875 0.09296875 0.09609375
1 0.265625 0.65390625 0.0875 0.10546875
1 0.49375 0.17734375 0.06875 0.05546875
1 0.51015625 0.41875 0.08046875 0.07890625
1 0.05859375 0.4671875 0.09140625 0.08671875
1 0.1453125 0.21015625 0.071875 0.075
1 0.95859375 0.51796875 0.0828125 0.0984375
1 0.25546875 0.11328125 0.0796875 0.0859375
1 0.49609375 0.23984375 0.09609375 0.08359375
1 0.61875 0.45390625 0.0953125 0.09296875
1 0.8359375 0.72890625 0.09609375 0.09140625
1 0.596875 0.34765625 0.0796875 0.07890625
1 0.50078125 0.32734375 0.06328125 0.08515625
1 0.70859375 0.1828125 0.0765625 0.0765625
1 0.59765625 0.2640625 0.06875 0.0734375
1 0.8578125 0.53046875 0.11484375 0.11953125
1 0.27109375 0.34140625 0.08671875 0.0765625
1 0.853125 0.62890625 0.08203125 0.08125
1 0.9515625 0.42265625 0.06796875 0.08203125
1 0.93046875 0.3203125 0.0484375 0.09609375
1 0.92890625 0.25078125 0.06796875 0.0828125
1 0.89453125 0.2078125 0.00078125 0.0046875
1 0.89453125 0.18046875 0.04765625 0.0484375
1 0.821875 0.25078125 0.04375 0.06796875
1 0.8453125 0.82265625 0.08515625 0.1015625
1 0.8453125 0.94296875 0.1125 0.1140625
1 0.96171875 0.8609375 0.0765625 0.13671875
1 0.94765625 0.95390625 0.1046875 0.0890625
1 0.72734375 0.959375 0.0390625 0.04375
1 0.72421875 0.85546875 0.06484375 0.11484375
1 0.72890625 0.771875 0.10625 0.1390625
1 0.73046875 0.6703125 0.04375 0.0640625
1 0.74140625 0.5640625 0.05703125 0.06640625
1 0.7125 0.475 0.0578125 0.05078125
1 0.72109375 0.40546875 0.0578125 0.08515625
1 0.71171875 0.33203125 0.0578125 0.04296875
1 0.7015625 0.26015625 0.04765625 0.05
1 0.60390625 0.17109375 0.05625 0.05078125
1 0.61796875 0.5359375 0.10625 0.07265625
1 0.61328125 0.62265625 0.090625 0.10234375
1 0.52109375 0.634375 0.075 0.078125
1 0.5140625 0.509375 0.08125 0.10390625
1 0.51796875 0.85703125 0.0453125 0.08125
1 0.496875 0.946875 0.07421875 0.1046875
1 0.615625 0.95234375 0.07890625 0.09453125
1 0.6109375 0.8546875 0.109375 0.0953125
1 0.621875 0.7546875 0.071875 0.07109375
1 0.384375 0.29140625 0.1109375 0.0828125
1 0.39765625 0.365625 0.03984375 0.05703125
1 0.4046875 0.44375 0.0953125 0.08984375
1 0.39140625 0.53828125 0.09921875 0.14453125
1 0.3828125 0.65546875 0.1046875 0.14921875
1 0.359375 0.75703125 0.08515625 0.11328125
1 0.35078125 0.86015625 0.08125 0.09765625
1 0.3546875 0.93984375 0.090625 0.08359375
1 0.2234375 0.87421875 0.140625 0.1703125
1 0.075 0.89765625 0.0921875 0.15
1 0.11796875 0.77109375 0.1 0.1296875
1 0.0390625 0.73515625 0.078125 0.1078125
1 0.23671875 0.7484375 0.0828125 0.090625
1 0.14921875 0.540625 0.071875 0.07890625
1 0.28359375 0.5171875 0.0859375 0.11484375
1 0.28984375 0.42578125 0.0921875 0.09375
1 0.059375 0.37265625 0.08203125 0.075
1 0.0609375 0.28984375 0.0734375 0.09296875
1 0.0671875 0.2140625 0.08515625 0.0890625
1 0.2640625 0.23515625 0.06171875 0.11796875