1 0.68125 0.45390625 0.08046875 0.09140625
1 0.87578125 0.6078125 0.096875 0.0875
1 0.66953125 0.08046875 0.0859375 0.09375
1 0.05390625 0.73203125 0.10234375 0.0828125
1 0.06953125 0.3859375 0.071875 0.08125
1 0.8890625 0.903125 0.09453125 0.0828125
1 0.253125 0.8703125 0.0828125 0.05625
1 0.20390625 0.35234375 0.10859375 0.0859375
1 0.08671875 0.8859375 0.090625 0.06015625
1 0.7859375 0.35234375 0.0953125 0.075
1 0.2375 0.7203125 0.0859375 0.0765625
1 0.6859375 0.59453125 0.09609375 0.1015625
1 0.87421875 0.7296875 0.1109375 0.09765625
1 0.2203125 0.23671875 0.11796875 0.1046875
1 0.43828125 0.85078125 0.07890625 0.08828125
1 0.1609375 0.615625 0.08671875 0.07734375
1 0.59375 0.58515625 0.06875 0.07734375
1 0.34375 0.84453125 0.07890625 0.071875
1 0.1640625 0.8421875 0.07890625 0.08984375
1 0.3328125 0.21796875 0.103125 0.1140625
1 0.43046875 0.21015625 0.07890625 0.06484375
1 0.196875 0.15703125 0.0921875 0.0515625
1 0.04921875 0.15625 0.06484375 0.07109375
1 0.06171875 0.27734375 0.1234375 0.11171875
1 0.75546875 0.88984375 0.090625 0.1109375
1 0.32421875 0.33984375 0.09609375 0.08125
1 0.7984375 0.465625 0.13671875 0.10625
1 0.4421875 0.090625 0.19453125 0.11171875
1 0.05234375 0.6234375 0.10390625 0.09609375
1 0.10234375 0.97734375 0.2046875 0.04375
1 0.4671875 0.4578125 0.10859375 0.0671875
1 0.58125 0.45 0.10546875 0.09296875
1 0.45859375 0.7171875 0.25703125 0.140625
1 0.65 0.709375 0.0875 0.09296875
1 0.69765625 0.22578125 0.1671875 0.10234375
1 0.8921875 0.2296875 0.1234375 0.115625
1 0.90625 0.3375 0.165625 0.1140625