2 0.71328125 0.48828125 0.10078125 0.06640625
2 0.340625 0.0765625 0.115625 0.090625
2 0.92265625 0.3515625 0.07890625 0.04375
2 0.86484375 0.51171875 0.11484375 0.096875
2 0.61875 0.5765625 0.115625 0.071875
2 0.46640625 0.45078125 0.08828125 0.06015625
2 0.228125 0.21484375 0.1 0.0765625
2 0.29140625 0.72421875 0.0921875 0.06484375
2 0.39609375 0.6453125 0.07265625 0.0578125
2 0.93828125 0.4328125 0.1078125 0.084375
2 0.3640625 0.33203125 0.10546875 0.08046875
2 0.57890625 0.46484375 0.11640625 0.06640625
2 0.975 0.29765625 0.05 0.05859375
2 0.09296875 0.68828125 0.08984375 0.075
2 0.78046875 0.3734375 0.13671875 0.12890625
2 0.04765625 0.09140625 0.05859375 0.0578125
2 0.2046875 0.0828125 0.08046875 0.06015625
2 0.053125 0.228125 0.0734375 0.09921875
2 0.36171875 0.240625 0.0796875 0.0640625
2 0.0984375 0.35234375 0.10078125 0.075
2 0.22734375 0.34921875 0.1046875 0.07578125
2 0.12265625 0.47578125 0.10703125 0.05390625
2 0.225 0.46015625 0.1046875 0.05703125
2 0.02578125 0.4953125 0.05078125 0.05625
2 0.04765625 0.59609375 0.08046875 0.075
2 0.14375 0.57734375 0.05703125 0.06484375
2 0.18671875 0.678125 0.0609375 0.06953125
2 0.190625 0.74453125 0.07109375 0.046875
2 0.19140625 0.8203125 0.059375 0.0640625
2 0.13515625 0.9125 0.05859375 0.059375
2 0.2234375 0.9046875 0.0828125 0.06953125
2 0.17265625 0.97578125 0.0890625 0.0484375
2 0.309375 0.8765625 0.0421875 0.05859375
2 0.296875 0.80390625 0.06171875 0.0453125
2 0.39921875 0.73046875 0.05078125 0.05546875
2 0.26640625 0.57734375 0.10234375 0.07109375
2 0.2921875 0.66171875 0.07890625 0.0390625
2 0.359375 0.48203125 0.0765625 0.078125
2 0.47578125 0.5453125 0.078125 0.05703125
2 0.49609375 0.328125 0.0609375 0.07578125
2 0.50390625 0.21953125 0.103125 0.05078125
2 0.5109375 0.0609375 0.08984375 0.0765625
2 0.65078125 0.0953125 0.0984375 0.0578125
2 0.76875 0.0875 0.08671875 0.05625
2 0.9109375 0.13515625 0.0796875 0.07890625
2 0.94296875 0.03125 0.078125 0.0453125
2 0.6171875 0.22421875 0.10859375 0.07109375
2 0.76640625 0.25703125 0.10234375 0.0671875
2 0.659375 0.359375 0.09765625 0.06328125
2 0.5875 0.7859375 0.07265625 0.0640625
2 0.671875 0.884375 0.08828125 0.08671875
2 0.82890625 0.8234375 0.1140625 0.06796875
2 0.8359375 0.6734375 0.09609375 0.07109375
2 0.55859375 0.684375 0.1046875 0.06015625
2 0.44609375 0.87578125 0.09375 0.06640625
2 0.9375 0.625 0.09609375 0.0734375
2 0.7421875 0.59296875 0.0671875 0.05546875
2 0.73359375 0.67734375 0.090625 0.05546875