1 0.703125 0.17578125 0.09921875 0.09375
1 0.18984375 0.38515625 0.06953125 0.07578125
1 0.41796875 0.1734375 0.075 0.07890625
1 0.26640625 0.58515625 0.009375 0.0125
1 0.29296875 0.52109375 0.06328125 0.08671875
1 0.29140625 0.859375 0.06328125 0.0890625
1 0.796875 0.8484375 0.0609375 0.04921875
1 0.94140625 0.146875 0.08359375 0.07265625
1 0.66484375 0.39296875 0.103125 0.11015625
1 0.30703125 0.70078125 0.0921875 0.05859375
1 0.40703125 0.83203125 0.07109375 0.0765625
1 0.61328125 0.184375 0.040625 0.05390625
1 0.39609375 0.2921875 0.0734375 0.07890625
1 0.403125 0.70625 0.078125 0.0515625
1 0.84453125 0.125 0.06875 0.0765625
1 0.66015625 0.71015625 0.07890625 0.08515625
1 0.0578125 0.39453125 0.115625 0.075
1 0.10234375 0.0984375 0.0546875 0.0609375
1 0.20078125 0.09921875 0.0875 0.07421875
1 0.07109375 0.21796875 0.08046875 0.06796875
1 0.19375 0.28046875 0.084375 0.11171875
1 0.29453125 0.421875 0.06328125 0.06640625
1 0.44296875 0.42890625 0.065625 0.11015625
1 0.415625 0.5453125 0.065625 0.10703125
1 0.0265625 0.76875 0.05234375 0.11484375
1 0.18125 0.72734375 0.13984375 0.07109375
1 0.15625 0.86328125 0.11015625 0.08515625
1 0.85078125 0.45234375 0.11015625 0.115625
1 0.54765625 0.4578125 0.09296875 0.07265625
1 0.65546875 0.51640625 0.0859375 0.1359375
1 0.540625 0.571875 0.08828125 0.0828125
1 0.840625 0.63828125 0.06953125 0.0625
1 0.76875 0.7875 0.06875 0.08671875
1 0.53359375 0.24921875 0.06015625 0.08125
1 0.6234375 0.1140625 0.05703125 0.0828125
1 0.315625 0.09921875 0.09296875 0.1
1 0.3359375 0.2171875 0.1265625 0.1421875
1 0.18515625 0.603125 0.075 0.084375
1 0.90234375 0.8578125 0.11015625 0.14609375
1 0.86953125 0.7171875 0.053125 0.103125
1 0.975 0.5859375 0.04921875 0.1046875
1 0.978125 0.8328125 0.04375 0.1578125
1 0.66875 0.81015625 0.04765625 0.11015625