1 0.43125 0.365625 0.10859375 0.08046875
1 0.85703125 0.81640625 0.121875 0.07421875
1 0.34609375 0.72890625 0.128125 0.07421875
1 0.178125 0.40703125 0.08984375 0.05703125
1 0.17578125 0.325 0.1328125 0.090625
1 0.0328125 0.59375 0.065625 0.10078125
1 0.65859375 0.41875 0.1234375 0.078125
1 0.8484375 0.73203125 0.12265625 0.06953125
1 0.91796875 0.19140625 0.125 0.10390625
1 0.91015625 0.33515625 0.09375 0.09921875
1 0.903125 0.44765625 0.07734375 0.06328125
1 0.88359375 0.553125 0.10390625 0.1109375
1 0.84453125 0.640625 0.075 0.0796875
1 0.6390625 0.83515625 0.1609375 0.121875
1 0.628125 0.7203125 0.13671875 0.09609375
1 0.59921875 0.63125 0.15234375 0.090625
1 0.62421875 0.528125 0.175 0.07890625
1 0.68046875 0.33359375 0.16875 0.09609375
1 0.68671875 0.24765625 0.11796875 0.0671875
1 0.44609375 0.29140625 0.09921875 0.05234375
1 0.3953125 0.45078125 0.15078125 0.11328125
1 0.39375 0.53984375 0.21328125 0.0890625
1 0.36484375 0.64296875 0.15390625 0.09296875
1 0.3734375 0.80078125 0.15859375 0.0765625
1 0.38828125 0.8921875 0.14453125 0.0984375
1 0.22890625 0.92734375 0.12890625 0.0953125
1 0.196875 0.8515625 0.121875 0.05390625
1 0.17734375 0.778125 0.14375 0.08125
1 0.16796875 0.71015625 0.13515625 0.06796875
1 0.19921875 0.64375 0.11875 0.0671875
1 0.16484375 0.58984375 0.0890625 0.06796875
1 0.16796875 0.49765625 0.1265625 0.0984375
1 0.02421875 0.95078125 0.0484375 0.0734375
1 0.015625 0.8828125 0.03046875 0.0546875
1 0.0140625 0.79453125 0.028125 0.0703125
1 0.00703125 0.72890625 0.0140625 0.04921875