1 0.6046875 0.45703125 0.1015625 0.12578125
1 0.71796875 0.53828125 0.0765625 0.09140625
1 0.13984375 0.56171875 0.10390625 0.09296875
1 0.7078125 0.39921875 0.0875 0.1015625
1 0.103125 0.76796875 0.08671875 0.096875
1 0.609375 0.36484375 0.09609375 0.06796875
1 0.71171875 0.61171875 0.0828125 0.078125
1 0.58671875 0.2625 0.09375 0.0890625
1 0.58203125 0.2703125 0.09296875 0.08359375
1 0.3859375 0.1515625 0.08359375 0.10234375
1 0.5 0.5046875 0.0875 0.09375
1 0.48515625 0.0671875 0.07734375 0.09296875
1 0.58984375 0.66953125 0.109375 0.1390625
1 0.28203125 0.2125 0.09765625 0.10390625
1 0.03125 0.5578125 0.0625 0.11328125
1 0.5046875 0.4171875 0.06015625 0.06015625
1 0.07890625 0.1796875 0.1015625 0.10390625
1 0.39375 0.4484375 0.08046875 0.0796875
1 0.38203125 0.63984375 0.1046875 0.12109375
1 0.26484375 0.509375 0.1125 0.12265625
1 0.578125 0.87265625 0.084375 0.11328125
1 0.71484375 0.73125 0.07578125 0.14140625
1 0.709375 0.29453125 0.08359375 0.1
1 0.69765625 0.22421875 0.0921875 0.0546875
1 0.69375 0.084375 0.0578125 0.11015625
1 0.58828125 0.0859375 0.0828125 0.0625
1 0.5984375 0.190625 0.05703125 0.05859375
1 0.4734375 0.853125 0.071875 0.1265625
1 0.47109375 0.746875 0.0703125 0.0875
1 0.35390625 0.85234375 0.12109375 0.2140625
1 0.3609375 0.7125 0.09453125 0.11015625
1 0.3921875 0.35 0.065625 0.0921875
1 0.50703125 0.32890625 0.0828125 0.07578125
1 0.4859375 0.24609375 0.0421875 0.05078125
1 0.49140625 0.175 0.06875 0.040625
1 0.26328125 0.03515625 0.10078125 0.0703125
1 0.26953125 0.10390625 0.0921875 0.08671875
1 0.28515625 0.3265625 0.07421875 0.07265625
1 0.29375 0.41796875 0.0828125 0.065625
1 0.26796875 0.6375 0.05546875 0.06640625
1 0.221875 0.72109375 0.11875 0.10546875
1 0.11171875 0.6625 0.06875 0.08828125
1 0.1734375 0.3421875 0.0828125 0.1171875
1 0.178125 0.25 0.04296875 0.0640625
1 0.1640625 0.040625 0.096875 0.0796875
1 0.0828125 0.07734375 0.059375 0.07421875
1 0.08515625 0.02578125 0.0828125 0.0515625
1 0.05859375 0.403125 0.0921875 0.1765625
1 0.06171875 0.2546875 0.0828125 0.103125
1 0.375 0.053125 0.07421875 0.06953125