1 0.96171875 0.2234375 0.0734375 0.078125
1 0.803125 0.2078125 0.1171875 0.0765625
1 0.71484375 0.18359375 0.0984375 0.0703125
1 0.553125 0.17265625 0.0953125 0.0453125
1 0.42734375 0.18046875 0.1078125 0.06328125
1 0.33359375 0.19453125 0.10078125 0.05546875
1 0.2265625 0.18046875 0.06328125 0.06640625
1 0.36328125 0.31953125 0.065625 0.0328125
1 0.50390625 0.296875 0.05 0.03984375
1 0.64453125 0.31484375 0.06171875 0.03671875
1 0.83984375 0.28046875 0.0109375 0.00703125
1 0.7265625 0.32578125 0.0609375 0.0953125
1 0.82578125 0.34375 0.0953125 0.0609375
1 0.91484375 0.3328125 0.11015625 0.0609375
1 0.23125 0.303125 0.18984375 0.07578125
1 0.11328125 0.3140625 0.040625 0.03515625
1 0.11953125 0.453125 0.06640625 0.05078125
1 0.1953125 0.45703125 0.05703125 0.04921875
1 0.28046875 0.43203125 0.078125 0.05078125
1 0.37890625 0.42734375 0.125 0.04921875
1 0.503125 0.44609375 0.05078125 0.04375
1 0.5484375 0.428125 0.02734375 0.03359375
1 0.58984375 0.43515625 0.04140625 0.03359375
1 0.68046875 0.421875 0.0703125 0.03515625
1 0.75546875 0.40859375 0.06640625 0.0453125
1 0.86953125 0.4359375 0.0703125 0.06171875
1 0.96015625 0.4421875 0.07890625 0.0484375
1 0.97890625 0.328125 0.0421875 0.04375
1 0.13046875 0.5546875 0.0828125 0.08828125
1 0.234375 0.55234375 0.09296875 0.06953125
1 0.359375 0.5515625 0.05 0.053125
1 0.4546875 0.54609375 0.0484375 0.04140625
1 0.56484375 0.56484375 0.0828125 0.059375
1 0.65703125 0.58828125 0.0609375 0.06171875
1 0.728125 0.58984375 0.10546875 0.07265625
1 0.8203125 0.5703125 0.10078125 0.05625
1 0.9078125 0.57265625 0.07109375 0.05546875
1 0.88984375 0.6171875 0.084375 0.05390625
1 0.80078125 0.67578125 0.1 0.06875
1 0.70390625 0.690625 0.0953125 0.0546875
1 0.61796875 0.67265625 0.05703125 0.0890625
1 0.4171875 0.6921875 0.075 0.04375
1 0.2296875 0.68828125 0.0578125 0.02890625
1 0.8375 0.821875 0.09765625 0.0875
1 0.7 0.8453125 0.1140625 0.04765625
1 0.6078125 0.8359375 0.06875 0.090625
1 0.49296875 0.82421875 0.07734375 0.08046875
1 0.39296875 0.81875 0.06796875 0.06796875
1 0.2390625 0.83046875 0.0890625 0.06171875
1 0.146875 0.82578125 0.0734375 0.05703125
1 0.21171875 0.96171875 0.05234375 0.071875
1 0.30078125 0.94765625 0.11640625 0.1046875
1 0.4203125 0.94765625 0.053125 0.06875
1 0.50859375 0.9578125 0.1046875 0.084375
1 0.5546875 0.8984375 0.00390625 0.0109375
1 0.6046875 0.95703125 0.07734375 0.05625
1 0.696875 0.92421875 0.1296875 0.075
1 0.815625 0.95625 0.11171875 0.0859375
1 0.90390625 0.94140625 0.08671875 0.09140625
1 0.97265625 0.92265625 0.05390625 0.09453125
1 0.11328125 0.20234375 0.07578125 0.0578125