1 0.0203125 0.30390625 0.040625 0.11015625
1 0.696875 0.26640625 0.1015625 0.08671875
1 0.321875 0.2734375 0.0859375 0.07578125
1 0.13359375 0.1796875 0.1 0.1078125
1 0.53984375 0.5484375 0.125 0.1375
1 0.559375 0.646875 0.115625 0.08984375
1 0.23515625 0.20078125 0.09609375 0.09609375
1 0.684375 0.4546875 0.09375 0.11171875
1 0.0765625 0.38046875 0.0953125 0.1125
1 0.56640625 0.20625 0.08515625 0.075
1 0.559375 0.76484375 0.121875 0.140625
1 0.55546875 0.43671875 0.09921875 0.10234375
1 0.81015625 0.3328125 0.10234375 0.0828125
1 0.2875 0.79765625 0.14375 0.12890625
1 0.82109375 0.2578125 0.09375 0.08828125
1 0.03828125 0.68984375 0.0765625 0.1234375
1 0.14921875 0.778125 0.1046875 0.10546875
1 0.43515625 0.29375 0.0875 0.09375
1 0.2953125 0.38046875 0.1046875 0.08359375
1 0.80703125 0.43359375 0.1296875 0.10703125
1 0.284375 0.66015625 0.12578125 0.11875
1 0.33671875 0.19296875 0.0765625 0.07109375
1 0.43359375 0.8578125 0.08203125 0.09921875
1 0.7296875 0.96796875 0.1203125 0.06328125
1 0.16015625 0.5453125 0.1171875 0.1125
1 0.94921875 0.6171875 0.1015625 0.134375
1 0.18671875 0.45234375 0.0765625 0.09296875
1 0.03125 0.92421875 0.0625 0.1078125
1 0.01953125 0.83515625 0.0390625 0.0765625
1 0.15 0.97109375 0.059375 0.0578125
1 0.1421875 0.8859375 0.0890625 0.09296875
1 0.284375 0.975 0.07109375 0.04921875
1 0.30625 0.903125 0.09140625 0.09453125
1 0.290625 0.4703125 0.065625 0.08125
1 0.19375 0.33046875 0.075 0.0625
1 0.059375 0.50625 0.06328125 0.07890625
1 0.10234375 0.27421875 0.1046875 0.10234375
1 0.4140625 0.4171875 0.06328125 0.0484375
1 0.41875 0.50546875 0.08203125 0.090625
1 0.415625 0.6140625 0.1015625 0.13046875
1 0.42421875 0.7234375 0.0890625 0.115625
1 0.425 0.94609375 0.071875 0.1078125
1 0.58203125 0.98828125 0.0546875 0.0234375
1 0.5875 0.89375 0.084375 0.08984375
1 0.559375 0.33046875 0.13515625 0.14375
1 0.66796875 0.5546875 0.07265625 0.1
1 0.70390625 0.76484375 0.1078125 0.12265625
1 0.72421875 0.87421875 0.08046875 0.1296875
1 0.8125 0.54296875 0.10859375 0.10859375
1 0.82421875 0.63671875 0.10859375 0.103125
1 0.84296875 0.7734375 0.13515625 0.16328125
1 0.8625 0.9078125 0.10625 0.12890625
1 0.8828125 0.97421875 0.1375 0.0515625
1 0.990625 0.8765625 0.01875 0.06328125
1 0.9828125 0.76796875 0.034375 0.1265625
1 0.96640625 0.44609375 0.05546875 0.11484375
1 0.9453125 0.31875 0.0921875 0.14296875
1 0.95546875 0.15078125 0.078125 0.0765625
1 0.946875 0.2328125 0.10546875 0.09296875