1 0.16484375 0.23984375 0.09609375 0.0890625
1 0.04140625 0.4484375 0.078125 0.0671875
1 0.76796875 0.4625 0.0546875 0.10859375
1 0.63203125 0.44609375 0.10625 0.08359375
1 0.6125 0.58671875 0.08359375 0.1359375
1 0.64140625 0.771875 0.06171875 0.08046875
1 0.6296875 0.91171875 0.065625 0.08046875
1 0.78125 0.728125 0.05703125 0.08359375
1 0.46953125 0.68125 0.1015625 0.08203125
1 0.3375 0.77890625 0.09140625 0.1546875
1 0.20703125 0.76796875 0.0703125 0.109375
1 0.259375 0.91171875 0.05859375 0.13359375
1 0.0796875 0.946875 0.109375 0.10625
1 0.096875 0.82578125 0.04609375 0.0859375
1 0.0625 0.2921875 0.12421875 0.17734375
1 0.20546875 0.35859375 0.04296875 0.07265625
1 0.32265625 0.3 0.06328125 0.13984375
1 0.35234375 0.546875 0.05546875 0.10546875
1 0.47890625 0.54375 0.05078125 0.07890625
1 0.3609375 0.65 0.134375 0.10546875
1 0.48828125 0.4265625 0.06796875 0.07890625
1 0.48671875 0.328125 0.084375 0.1015625
1 0.9125 0.4546875 0.07734375 0.1171875
1 0.7609375 0.30078125 0.08671875 0.08203125
1 0.74453125 0.203125 0.04609375 0.06640625
1 0.87734375 0.3265625 0.10078125 0.1109375
1 0.8390625 0.1 0.08828125 0.13046875
1 0.72578125 0.07734375 0.0515625 0.059375
1 0.8796875 0.21640625 0.06328125 0.0765625
1 0.97734375 0.090625 0.0453125 0.096875
1 0.20703125 0.453125 0.0765625 0.121875
1 0.015625 0.95859375 0.03125 0.0796875
1 0.10390625 0.69765625 0.05078125 0.05703125
1 0.9375 0.72109375 0.05390625 0.12421875
1 0.76640625 0.56953125 0.04140625 0.06328125
1 0.56015625 0.09296875 0.04375 0.06484375
1 0.596875 0.2859375 0.02578125 0.1515625