1 0.29453125 0.16953125 0.1 0.0953125
1 0.81328125 0.38125 0.0703125 0.0765625
1 0.5828125 0.1671875 0.07578125 0.0796875
1 0.7359375 0.58359375 0.009375 0.0125
1 0.709375 0.51875 0.0640625 0.0875
1 0.7109375 0.86015625 0.0640625 0.08984375
1 0.2 0.84921875 0.06171875 0.05
1 0.053125 0.140625 0.084375 0.0734375
1 0.3328125 0.3890625 0.1046875 0.11171875
1 0.6953125 0.7 0.09296875 0.059375
1 0.59375 0.83359375 0.071875 0.07734375
1 0.38515625 0.178125 0.04140625 0.0546875
1 0.6046875 0.2875 0.07421875 0.0796875
1 0.59765625 0.70625 0.07890625 0.05234375
1 0.1515625 0.11875 0.06953125 0.07734375
1 0.3375 0.709375 0.0796875 0.0859375
1 0.94375 0.390625 0.11171875 0.07578125
1 0.9015625 0.09140625 0.05546875 0.06171875
1 0.80234375 0.0921875 0.08828125 0.075
1 0.93359375 0.2125 0.08125 0.06875
1 0.809375 0.27578125 0.08515625 0.1125
1 0.70703125 0.41875 0.0640625 0.0671875
1 0.55703125 0.42578125 0.06640625 0.11171875
1 0.584375 0.54296875 0.06640625 0.10859375
1 0.97578125 0.76875 0.04765625 0.115625
1 0.821875 0.7265625 0.14140625 0.071875
1 0.846875 0.86484375 0.11171875 0.08671875
1 0.1453125 0.44921875 0.11171875 0.1171875
1 0.4515625 0.4546875 0.09375 0.0734375
1 0.34296875 0.51328125 0.0875 0.1375
1 0.45859375 0.5703125 0.0890625 0.08359375
1 0.15546875 0.6375 0.0703125 0.06328125
1 0.228125 0.7875 0.06953125 0.08828125
1 0.46640625 0.24375 0.0609375 0.08203125
1 0.375 0.10703125 0.05703125 0.08359375
1 0.6859375 0.0921875 0.09375 0.10078125
1 0.665625 0.21171875 0.128125 0.14375
1 0.81796875 0.6015625 0.07578125 0.08515625
1 0.09375 0.85859375 0.11171875 0.14765625
1 0.1265625 0.71640625 0.05390625 0.10390625
1 0.02265625 0.5828125 0.0453125 0.10625
1 0.01953125 0.83359375 0.0390625 0.16015625
1 0.32890625 0.8109375 0.0484375 0.11171875