1 0.7359375 0.01015625 0.06796875 0.0203125
1 0.9078125 0.08203125 0.08828125 0.05625
1 0.80390625 0.10078125 0.05546875 0.03359375
1 0.653125 0.115625 0.046875 0.05
1 0.52578125 0.1234375 0.06640625 0.03515625
1 0.41484375 0.1 0.0453125 0.06484375
1 0.30390625 0.10546875 0.059375 0.03203125
1 0.909375 0.25234375 0.06640625 0.04921875
1 0.7828125 0.2625 0.075 0.04921875
1 0.61796875 0.27109375 0.034375 0.04609375
1 0.346875 0.25625 0.09296875 0.03828125
1 0.25 0.24453125 0.11171875 0.08125
1 0.121875 0.25390625 0.08671875 0.034375
1 0.02421875 0.20234375 0.046875 0.02890625
1 0.0109375 0.2609375 0.02109375 0.05390625
1 0.9703125 0.39140625 0.059375 0.03828125
1 0.83203125 0.40703125 0.07578125 0.04453125
1 0.715625 0.415625 0.1109375 0.08828125
1 0.61484375 0.41875 0.0984375 0.05078125
1 0.50625 0.41875 0.06875 0.06796875
1 0.36875 0.42734375 0.07578125 0.12890625
1 0.23203125 0.41171875 0.05703125 0.02421875
1 0.134375 0.40078125 0.08125 0.05
1 0.0421875 0.41640625 0.02734375 0.04609375
1 0.9890625 0.53125 0.021875 0.0671875
1 0.93984375 0.53515625 0.07890625 0.07265625
1 0.69453125 0.5484375 0.05546875 0.06875
1 0.60234375 0.54296875 0.08828125 0.05
1 0.503125 0.53046875 0.06484375 0.07265625
1 0.93828125 0.64453125 0.0828125 0.04921875
1 0.81171875 0.6390625 0.10390625 0.02890625
1 0.6890625 0.65546875 0.11328125 0.03203125
1 0.5546875 0.6640625 0.07734375 0.08125
1 0.45859375 0.66796875 0.05078125 0.07578125
1 0.9515625 0.7765625 0.06328125 0.0375
1 0.82109375 0.778125 0.0734375 0.04921875
1 0.6703125 0.76953125 0.10078125 0.07421875
1 0.5296875 0.746875 0.0953125 0.05078125
1 0.39921875 0.7484375 0.0625 0.05546875
1 0.1359375 0.51328125 0.06328125 0.09453125
1 0.05703125 0.57734375 0.003125 0.01328125
1 0.025 0.52890625 0.05 0.0578125
1 0.0453125 0.7546875 0.08125 0.05390625
1 0.1734375 0.76328125 0.0609375 0.07421875
1 0.41796875 0.88125 0.096875 0.07265625
1 0.5390625 0.8890625 0.10078125 0.065625
1 0.68046875 0.9203125 0.1203125 0.06796875
1 0.80234375 0.89609375 0.07734375 0.03125
1 0.95625 0.890625 0.08671875 0.0546875
1 0.7703125 0.9765625 0.0625 0.046875
1 0.225 0.9859375 0.11875 0.028125
1 0.0921875 0.984375 0.0640625 0.03125
1 0.30234375 0.8875 0.08046875 0.06484375
1 0.19375 0.89296875 0.07890625 0.05859375
1 0.103125 0.884375 0.08828125 0.02265625
1 0.2484375 0.53828125 0.09140625 0.0375
1 0.040625 0.0296875 0.075 0.059375
1 0.12265625 0.0203125 0.075 0.03984375
1 0.0828125 0.11484375 0.10078125 0.059375
1 0.02421875 0.11796875 0.04765625 0.06015625