1 0.84296875 0.44609375 0.0984375 0.0921875
1 0.521875 0.5671875 0.10625 0.0984375
1 0.52421875 0.2828125 0.1046875 0.09140625
1 0.87890625 0.7734375 0.1140625 0.09453125
1 0.8734375 0.0328125 0.08046875 0.065625
1 0.1140625 0.69921875 0.115625 0.1171875
1 0.503125 0.7 0.0796875 0.06953125
1 0.48203125 0.86640625 0.10625 0.08515625
1 0.63828125 0.02109375 0.07890625 0.0421875
1 0.5421875 0.12109375 0.1078125 0.11171875
1 0.07421875 0.915625 0.12734375 0.10078125
1 0.5140625 0.00859375 0.10234375 0.0171875
1 0.64609375 0.16015625 0.084375 0.08359375
1 0.62421875 0.30078125 0.11015625 0.07421875
1 0.23828125 0.72421875 0.08828125 0.1078125
1 0.69375 0.8234375 0.1046875 0.1015625
1 0.9421875 0.66953125 0.07265625 0.06875
1 0.3546875 0.875 0.12578125 0.1125
1 0.97109375 0.075 0.05703125 0.08515625
1 0.84296875 0.309375 0.11171875 0.09453125
1 0.72734375 0.45078125 0.10234375 0.0734375
1 0.2421875 0.2375 0.1515625 0.1359375
1 0.396875 0.26484375 0.09296875 0.1046875
1 0.50234375 0.43046875 0.08828125 0.0578125
1 0.75625 0.575 0.10546875 0.08046875
1 0.2484375 0.55 0.11171875 0.06640625
1 0.3265625 0.653125 0.065625 0.03671875
1 0.409375 0.7125 0.06015625 0.078125
1 0.24140625 0.89375 0.1421875 0.103125
1 0.2140625 0.37265625 0.0890625 0.06953125
1 0.34609375 0.4109375 0.096875 0.1015625
1 0.340625 0.51640625 0.04609375 0.078125
1 0.43359375 0.54921875 0.06171875 0.09453125
1 0.19765625 0.02578125 0.11328125 0.0515625
1 0.30625 0.0578125 0.09609375 0.06953125