1 0.16015625 0.3421875 0.12734375 0.06640625
1 0.340625 0.309375 0.15703125 0.128125
1 0.5484375 0.321875 0.1875 0.1328125
1 0.3484375 0.46484375 0.1390625 0.0921875
1 0.165625 0.54765625 0.15859375 0.0859375
1 0.16171875 0.65625 0.19765625 0.08515625
1 0.35625 0.65 0.11953125 0.08359375
1 0.2265625 0.859375 0.17890625 0.0671875
1 0.2453125 0.91875 0.12890625 0.09375
1 0.24453125 0.978125 0.1421875 0.04375
1 0.05625 0.984375 0.1125 0.03125
1 0.015625 0.8625 0.03125 0.11875
1 0.4625 0.97890625 0.14375 0.0421875
1 0.39921875 0.8859375 0.1625 0.13359375
1 0.40625 0.75859375 0.1125 0.065625
1 0.1765625 0.759375 0.1140625 0.06015625
1 0.56640625 0.7078125 0.1390625 0.10625
1 0.553125 0.590625 0.20390625 0.125
1 0.334375 0.5625 0.115625 0.096875
1 0.77109375 0.38046875 0.20390625 0.10625
1 0.7625 0.478125 0.0953125 0.09765625
1 0.771875 0.58828125 0.178125 0.0890625
1 0.746875 0.78828125 0.17265625 0.09609375
1 0.7859375 0.95625 0.17109375 0.0875
1 0.5875 0.89296875 0.18046875 0.10390625
1 0.978125 0.94921875 0.040625 0.1015625
1 0.94453125 0.80625 0.1109375 0.15625
1 0.9296875 0.6765625 0.140625 0.09140625
1 0.94375 0.565625 0.11171875 0.1015625
1 0.95703125 0.4375 0.08515625 0.128125