1 0.3046875 0.1765625 0.11015625 0.084375
1 0.6453125 0.1421875 0.11953125 0.07265625
1 0.31953125 0.7875 0.1171875 0.07265625
1 0.8265625 0.56875 0.11953125 0.08046875
1 0.3296875 0.4046875 0.0890625 0.09296875
1 0.01953125 0.68203125 0.0390625 0.0734375
1 0.684375 0.8703125 0.084375 0.06171875
1 0.5046875 0.60703125 0.0796875 0.078125
1 0.80625 0.278125 0.0875 0.08125
1 0.684375 0.79609375 0.10625 0.0703125
1 0.33515625 0.68671875 0.1234375 0.08828125
1 0.528125 0.7109375 0.09765625 0.11015625
1 0.52109375 0.81640625 0.1125 0.1125
1 0.70390625 0.68671875 0.12890625 0.09296875
1 0.71484375 0.56875 0.10859375 0.1015625
1 0.684375 0.4359375 0.12890625 0.090625
1 0.68828125 0.33671875 0.1375 0.0953125
1 0.6765625 0.22109375 0.16640625 0.10703125
1 0.4765625 0.11484375 0.13046875 0.1296875
1 0.51875 0.26953125 0.12421875 0.11328125
1 0.496875 0.47421875 0.15234375 0.08359375
1 0.33671875 0.29375 0.1453125 0.09921875
1 0.2875 0.52109375 0.1109375 0.109375
1 0.1296875 0.509375 0.11875 0.1109375
1 0.1 0.3921875 0.14921875 0.0984375
1 0.09453125 0.2484375 0.1359375 0.153125
1 0.26640625 0.075 0.16171875 0.07734375
1 0.115625 0.071875 0.10234375 0.07734375
1 0.1546875 0.62734375 0.1671875 0.10078125
1 0.14921875 0.728125 0.1546875 0.09765625
1 0.82421875 0.8609375 0.06171875 0.0328125
1 0.825 0.76328125 0.11484375 0.09453125
1 0.84453125 0.66328125 0.1328125 0.08515625
1 0.84296875 0.4765625 0.16875 0.103125
1 0.82421875 0.35859375 0.15859375 0.09921875