1 0.10078125 0.8765625 0.1125 0.0921875
1 0.83984375 0.8140625 0.13203125 0.12578125
1 0.66484375 0.7 0.18984375 0.1484375
1 0.45859375 0.45 0.128125 0.11484375
1 0.12265625 0.55625 0.12890625 0.0828125
1 0.13515625 0.47421875 0.1078125 0.08359375
1 0.4859375 0.378125 0.1109375 0.06640625
1 0.71875 0.853125 0.11328125 0.11796875
1 0.62578125 0.53359375 0.20390625 0.1203125
1 0.834375 0.6484375 0.0859375 0.09140625
1 0.31015625 0.36015625 0.13359375 0.0765625
1 0.0203125 0.28125 0.03984375 0.10078125
1 0.784375 0.0546875 0.0875 0.0765625
1 0.2890625 0.26796875 0.1015625 0.0828125
1 0.953125 0.21171875 0.09375 0.084375
1 0.115625 0.66328125 0.18046875 0.1171875
1 0.4609375 0.8375 0.2046875 0.12890625
1 0.9828125 0.58984375 0.034375 0.1140625
1 0.621875 0.2171875 0.11484375 0.15859375
1 0.3 0.18671875 0.1875 0.09765625
1 0.47265625 0.31171875 0.0828125 0.0734375
1 0.94296875 0.36640625 0.1140625 0.103125
1 0.04921875 0.109375 0.0984375 0.1609375