1 0.4328125 0.63671875 0.10625 0.07890625
1 0.85078125 0.1953125 0.11953125 0.07265625
1 0.34921875 0.28125 0.12578125 0.07265625
1 0.18515625 0.596875 0.0875 0.05625
1 0.18359375 0.6765625 0.1296875 0.0890625
1 0.0375 0.41328125 0.075 0.0984375
1 0.65625 0.58515625 0.12109375 0.0765625
1 0.8421875 0.278125 0.11953125 0.06796875
1 0.91015625 0.8078125 0.12265625 0.1015625
1 0.90234375 0.66640625 0.09140625 0.09765625
1 0.8953125 0.55625 0.07578125 0.06171875
1 0.8765625 0.453125 0.10234375 0.10859375
1 0.83828125 0.36796875 0.0734375 0.078125
1 0.63671875 0.17734375 0.15703125 0.11953125
1 0.6265625 0.28984375 0.13359375 0.09375
1 0.5984375 0.3765625 0.14921875 0.0890625
1 0.62265625 0.478125 0.17109375 0.07734375
1 0.67734375 0.66796875 0.16484375 0.09375
1 0.68359375 0.753125 0.11484375 0.065625
1 0.44765625 0.71015625 0.09765625 0.0515625
1 0.3984375 0.553125 0.14765625 0.1109375
1 0.396875 0.46640625 0.20859375 0.0875
1 0.36875 0.365625 0.15078125 0.090625
1 0.3765625 0.2109375 0.15546875 0.075
1 0.39140625 0.121875 0.14140625 0.096875
1 0.2359375 0.08671875 0.1265625 0.09296875
1 0.20390625 0.1609375 0.11875 0.053125
1 0.184375 0.2328125 0.140625 0.0796875
1 0.17578125 0.3 0.13203125 0.06640625
1 0.20625 0.3640625 0.11640625 0.065625
1 0.17265625 0.4171875 0.0875 0.06640625
1 0.175 0.5078125 0.1234375 0.096875
1 0.0296875 0.06484375 0.059375 0.07265625
1 0.021875 0.13046875 0.0390625 0.05390625
1 0.01953125 0.2171875 0.0390625 0.06875
1 0.0125 0.28125 0.025 0.0484375