1 0.35859375 0.89140625 0.10859375 0.11328125
1 0.01953125 0.66328125 0.0390625 0.09765625
1 0.01875 0.7375 0.0375 0.09375
1 0.19765625 0.83828125 0.0765625 0.09375
1 0.0609375 0.790625 0.0703125 0.1234375
1 0.10625 0.6890625 0.06953125 0.0921875
1 0.21015625 0.71875 0.09296875 0.11171875
1 0.03515625 0.52421875 0.06953125 0.1328125
1 0.3625 0.68203125 0.096875 0.10546875
1 0.37734375 0.771875 0.096875 0.10546875
1 0.146875 0.48671875 0.0953125 0.10546875
1 0.14375 0.590625 0.06484375 0.0859375
1 0.20546875 0.58515625 0.05625 0.0921875
1 0.06796875 0.39296875 0.11015625 0.0859375
1 0.26328125 0.54453125 0.053125 0.05078125
1 0.271875 0.4609375 0.040625 0.08828125
1 0.16875 0.39609375 0.06171875 0.09375
1 0.2125 0.28984375 0.040625 0.05703125
1 0.28984375 0.2875 0.04609375 0.1203125
1 0.33046875 0.17578125 0.046875 0.0796875
1 0.328125 0.071875 0.07578125 0.09375
1 0.2265625 0.08359375 0.07890625 0.1046875
1 0.134375 0.1265625 0.0359375 0.0640625
1 0.0453125 0.0921875 0.04375 0.10625
1 0.02421875 0.18828125 0.0484375 0.096875
1 0.44375 0.07890625 0.05625 0.0546875
1 0.43671875 0.13046875 0.0484375 0.03828125
1 0.42890625 0.19140625 0.04296875 0.03984375
1 0.4296875 0.24609375 0.07265625 0.06171875
1 0.4 0.34921875 0.0359375 0.06171875
1 0.4015625 0.29921875 0.05546875 0.0484375
1 0.39765625 0.44140625 0.02734375 0.040625
1 0.37109375 0.49765625 0.03515625 0.06171875
1 0.44921875 0.37890625 0.046875 0.053125
1 0.49921875 0.4265625 0.04765625 0.05
1 0.46640625 0.82265625 0.06953125 0.11171875
1 0.1234375 0.19453125 0.05625 0.05078125
1 0.09375 0.296875 0.07421875 0.1390625
1 0.01328125 0.26953125 0.02578125 0.059375
1 0.22734375 0.18203125 0.01953125 0.04921875
1 0.21796875 0.24140625 0.03359375 0.04609375
1 0.340625 0.1140625 0.03828125 0.07109375
1 0.28984375 0.40625 0.03828125 0.05078125
1 0.26875 0.61875 0.04609375 0.06328125
1 0.3625 0.6015625 0.0375 0.06484375
1 0.47265625 0.74140625 0.04609375 0.07734375
1 0.46953125 0.6859375 0.0578125 0.04140625
1 0.490625 0.5671875 0.04296875 0.0921875
1 0.49140625 0.48828125 0.059375 0.046875
1 0.50546875 0.34140625 0.03984375 0.084375
1 0.5171875 0.21796875 0.04921875 0.07421875
1 0.51015625 0.2875 0.0359375 0.0625
1 0.525 0.09296875 0.05078125 0.103125
1 0.5953125 0.034375 0.0453125 0.06796875
1 0.6046875 0.10546875 0.03203125 0.06796875
1 0.59375 0.1765625 0.04296875 0.06953125
1 0.58984375 0.3203125 0.05625 0.0765625
1 0.5953125 0.240625 0.05390625 0.059375
1 0.60078125 0.40078125 0.03828125 0.0578125
1 0.60234375 0.47578125 0.05234375 0.0625
1 0.5875 0.56015625 0.02890625 0.0484375
1 0.59921875 0.6484375 0.0515625 0.06953125
1 0.60625 0.8015625 0.05703125 0.0734375
1 0.6140625 0.70390625 0.03984375 0.06484375
1 0.7296875 0.80859375 0.078125 0.109375
1 0.7234375 0.71953125 0.0859375 0.09609375
1 0.75078125 0.634375 0.075 0.09921875
1 0.7046875 0.54140625 0.08046875 0.08515625
1 0.73515625 0.48359375 0.0484375 0.0625
1 0.72734375 0.3875 0.11171875 0.090625
1 0.72734375 0.3265625 0.04453125 0.05
1 0.7109375 0.1734375 0.04453125 0.07734375
1 0.69609375 0.09453125 0.05234375 0.0640625
1 0.7203125 0.03515625 0.075 0.06953125
1 0.80390625 0.02265625 0.04765625 0.0453125
1 0.8140625 0.08828125 0.02109375 0.05625
1 0.809375 0.134375 0.065625 0.078125
1 0.8203125 0.22421875 0.0578125 0.05
1 0.83203125 0.28828125 0.02734375 0.0765625
1 0.8390625 0.3515625 0.0328125 0.06484375
1 0.7984375 0.3578125 0.05 0.075
1 0.84453125 0.44296875 0.04140625 0.07109375
1 0.8703125 0.5046875 0.06640625 0.08203125
1 0.8546875 0.578125 0.0328125 0.07421875
1 0.88046875 0.65390625 0.04140625 0.11640625
1 0.8671875 0.746875 0.05234375 0.09921875
1 0.88515625 0.86953125 0.04921875 0.05546875
1 0.97578125 0.775 0.0484375 0.065625
1 0.9796875 0.67421875 0.040625 0.0484375
1 0.9625 0.60078125 0.071875 0.046875
1 0.9625 0.53125 0.065625 0.0703125
1 0.95 0.41875 0.04765625 0.06484375
1 0.95 0.359375 0.08125 0.0984375
1 0.93828125 0.27265625 0.0609375 0.0609375
1 0.9234375 0.221875 0.03671875 0.04375
1 0.91171875 0.1421875 0.06171875 0.06328125
1 0.90625 0.06796875 0.07578125 0.0671875
1 0.88359375 0.0296875 0.0625 0.05859375
1 0.9859375 0.0515625 0.02734375 0.103125
1 0.990625 0.14765625 0.01875 0.08125