1 0.12109375 0.23046875 0.075 0.15546875
1 0.215625 0.1640625 0.0640625 0.10390625
1 0.45078125 0.190625 0.08359375 0.09921875
1 0.440625 0.3296875 0.0625 0.10390625
1 0.46015625 0.47109375 0.1015625 0.0515625
1 0.31484375 0.55 0.078125 0.10625
1 0.4296875 0.709375 0.115625 0.16484375
1 0.28125 0.95 0.16015625 0.07578125
1 0.428125 0.89140625 0.0765625 0.09921875
1 0.5515625 0.80234375 0.0890625 0.10625
1 0.64609375 0.72734375 0.09453125 0.1015625
1 0.8078125 0.7921875 0.0796875 0.11328125
1 0.79140625 0.30859375 0.0671875 0.16953125
1 0.66171875 0.22578125 0.09921875 0.12265625