2 0.44375 0.2140625 0.08125 0.0578125
2 0.89765625 0.18046875 0.10390625 0.0625
2 0.34296875 0.2796875 0.08515625 0.06640625
2 0.21796875 0.41796875 0.12734375 0.08359375
2 0.81171875 0.37734375 0.07421875 0.04921875
2 0.67265625 0.603125 0.0859375 0.06171875
2 0.93984375 0.7546875 0.10625 0.07421875
2 0.47109375 0.7296875 0.0890625 0.0609375
2 0.515625 0.04921875 0.1671875 0.0703125
2 0.19609375 0.14140625 0.1390625 0.08515625
2 0.259375 0.0765625 0.159375 0.078125
2 0.134375 0.24765625 0.128125 0.04921875
2 0.3765625 0.41328125 0.0953125 0.09921875
2 0.61796875 0.290625 0.08125 0.09453125
2 0.04609375 0.51171875 0.07421875 0.08125
2 0.21484375 0.5125 0.17421875 0.04921875
2 0.475 0.4875 0.07109375 0.06796875
2 0.5796875 0.4140625 0.0765625 0.059375
2 0.8265625 0.30234375 0.06640625 0.04375
2 0.93046875 0.47265625 0.053125 0.06328125
2 0.65 0.6765625 0.09296875 0.0546875
2 0.10703125 0.70546875 0.13203125 0.07109375
2 0.4 0.7734375 0.07265625 0.0828125
2 0.61640625 0.77421875 0.10234375 0.053125
2 0.85 0.796875 0.1171875 0.06015625
2 0.03203125 0.334375 0.06328125 0.08046875