1 0.65234375 0.05546875 0.13359375 0.109375
1 0.63203125 0.390625 0.1 0.09375
1 0.81953125 0.2328125 0.16640625 0.1296875
1 0.95859375 0.4859375 0.0828125 0.0875
1 0.446875 0.55 0.14453125 0.121875
1 0.596875 0.54140625 0.1234375 0.15859375
1 0.7734375 0.36328125 0.1 0.10703125
1 0.7484375 0.76015625 0.15078125 0.125
1 0.45546875 0.67109375 0.12578125 0.14609375
1 0.1953125 0.3921875 0.096875 0.0703125
1 0.83828125 0.0421875 0.11875 0.08359375
1 0.0375 0.028125 0.075 0.05625
1 0.1921875 0.05390625 0.08046875 0.10703125
1 0.209375 0.19921875 0.13046875 0.09140625
1 0.48671875 0.06328125 0.0859375 0.1265625
1 0.65078125 0.2 0.11875 0.121875
1 0.33203125 0.47890625 0.13984375 0.16796875
1 0.31953125 0.64375 0.08984375 0.159375
1 0.18125 0.51015625 0.10859375 0.1484375
1 0.015625 0.3109375 0.03125 0.1390625
1 0.046875 0.53671875 0.075 0.14453125
1 0.05546875 0.67265625 0.11015625 0.1515625
1 0.18125 0.62421875 0.10390625 0.13046875
1 0.05234375 0.80703125 0.1046875 0.1015625
1 0.609375 0.703125 0.0671875 0.0875
1 0.775 0.5734375 0.12109375 0.15703125
1 0.46796875 0.3625 0.0859375 0.07890625
1 0.31875 0.0421875 0.075 0.084375
1 0.4640625 0.796875 0.09921875 0.11796875
1 0.61328125 0.7875 0.0890625 0.08203125