2 0.8875 0.365625 0.11328125 0.08046875
2 0.6328125 0.74296875 0.090625 0.06640625
2 0.06015625 0.3265625 0.08671875 0.0578125
2 0.73046875 0.43125 0.0796875 0.0609375
2 0.6796875 0.2625 0.09609375 0.08828125
2 0.359375 0.04609375 0.0859375 0.06953125
2 0.51875 0.20546875 0.11796875 0.09296875
2 0.48515625 0.40390625 0.090625 0.06953125
2 0.6765625 0.565625 0.0828125 0.06484375
2 0.77890625 0.7921875 0.13359375 0.07421875
2 0.9078125 0.665625 0.08828125 0.05859375
2 0.2859375 0.809375 0.10859375 0.0796875
2 0.3859375 0.509375 0.11796875 0.071875
2 0.13203125 0.5515625 0.17109375 0.10546875
2 0.09921875 0.75 0.11015625 0.17734375
2 0.61796875 0.9328125 0.1421875 0.0625
2 0.42890625 0.82734375 0.10546875 0.05703125
2 0.3609375 0.6234375 0.11171875 0.0671875
2 0.55703125 0.09375 0.1421875 0.11328125
2 0.89453125 0.24765625 0.1015625 0.10078125
2 0.825 0.1765625 0.053125 0.059375
2 0.85703125 0.07578125 0.1078125 0.071875
2 0.0546875 0.14609375 0.08515625 0.11484375
2 0.36171875 0.36484375 0.1546875 0.075
2 0.3515625 0.17734375 0.10546875 0.0859375