1 0.96171875 0.42265625 0.0765625 0.08046875
1 0.46015625 0.76875 0.0984375 0.0890625
1 0.4859375 0.6703125 0.10234375 0.06484375
1 0.71171875 0.165625 0.1171875 0.1046875
1 0.74140625 0.71015625 0.10078125 0.0875
1 0.26171875 0.75546875 0.09140625 0.06875
1 0.94140625 0.75234375 0.0953125 0.08515625
1 0.73671875 0.47578125 0.09921875 0.09765625
1 0.91796875 0.1796875 0.16328125 0.1
1 0.9703125 0.3109375 0.05859375 0.1234375
1 0.76875 0.2765625 0.19296875 0.0828125
1 0.75 0.39140625 0.14453125 0.10234375
1 0.7578125 0.59765625 0.14765625 0.06484375
1 0.95703125 0.56484375 0.0859375 0.0953125
1 0.91953125 0.66953125 0.1609375 0.06015625
1 0.89921875 0.84140625 0.1359375 0.06015625
1 0.70859375 0.80859375 0.1015625 0.07265625
1 0.65234375 0.8703125 0.11328125 0.06171875
1 0.89609375 0.9265625 0.103125 0.06953125
1 0.7125 0.9640625 0.12109375 0.05625
1 0.4890625 0.84765625 0.12890625 0.07578125
1 0.43984375 0.9203125 0.12421875 0.0859375
1 0.2625 0.92421875 0.09140625 0.07421875
1 0.26328125 0.828125 0.103125 0.05546875
1 0.31015625 0.678125 0.10078125 0.0828125
1 0.2765625 0.58046875 0.14609375 0.075
1 0.49375 0.4890625 0.12421875 0.06484375
1 0.52421875 0.60703125 0.15390625 0.06171875
1 0.509375 0.4125 0.0828125 0.11171875
1 0.54375 0.28671875 0.19921875 0.05546875
1 0.50234375 0.21171875 0.09140625 0.11015625
1 0.2609375 0.18828125 0.1515625 0.0703125
1 0.27890625 0.28359375 0.11484375 0.12421875
1 0.02421875 0.31796875 0.0484375 0.1078125
1 0.2734375 0.4765625 0.14921875 0.07578125
1 0.1078125 0.52109375 0.0828125 0.06875
1 0.0453125 0.40859375 0.090625 0.08515625
1 0.0671875 0.62265625 0.08828125 0.05625
1 0.1328125 0.7265625 0.14765625 0.06171875
1 0.0734375 0.81484375 0.0875 0.07734375
1 0.0421875 0.92109375 0.0796875 0.05703125