1 0.8296875 0.66171875 0.125 0.06484375
1 0.653125 0.69375 0.15390625 0.12578125
1 0.44921875 0.68203125 0.18359375 0.13046875
1 0.64453125 0.5421875 0.1359375 0.090625
1 0.82421875 0.46015625 0.1546875 0.08359375
1 0.82734375 0.3546875 0.19296875 0.0828125
1 0.63671875 0.3609375 0.1171875 0.08203125
1 0.7640625 0.15546875 0.175 0.065625
1 0.74609375 0.09765625 0.1265625 0.09140625
1 0.746875 0.03046875 0.140625 0.0609375
1 0.9375 0.02421875 0.12421875 0.0484375
1 0.97734375 0.15234375 0.04453125 0.11640625
1 0.53359375 0.0296875 0.140625 0.059375
1 0.5953125 0.1296875 0.159375 0.13125
1 0.58828125 0.2546875 0.11015625 0.0640625
1 0.81328125 0.25390625 0.11171875 0.05859375
1 0.43125 0.30390625 0.1359375 0.1046875
1 0.44453125 0.41875 0.2 0.121875
1 0.65859375 0.446875 0.11328125 0.09453125
1 0.23125 0.62421875 0.2 0.10390625
1 0.23984375 0.52890625 0.09375 0.0953125
1 0.23125 0.42109375 0.17421875 0.08671875
1 0.2546875 0.225 0.16953125 0.09375
1 0.2171875 0.05234375 0.1671875 0.10390625
1 0.4109375 0.1234375 0.1765625 0.1015625
1 0.02421875 0.05859375 0.0484375 0.1171875
1 0.0578125 0.20859375 0.11484375 0.15234375
1 0.07265625 0.334375 0.14453125 0.08984375
1 0.05859375 0.44296875 0.1171875 0.09921875
1 0.0453125 0.56875 0.090625 0.12578125