1 0.36796875 0.73515625 0.0984375 0.09453125
1 0.17578125 0.4359375 0.10390625 0.1046875
1 0.78515625 0.2 0.06484375 0.05859375
1 0.9828125 0.83515625 0.034375 0.06875
1 0.42734375 0.32734375 0.09609375 0.08125
1 0.31171875 0.31953125 0.11015625 0.10546875
1 0.1828125 0.53125 0.09453125 0.10234375
1 0.79296875 0.11171875 0.1046875 0.103125
1 0.67265625 0.75703125 0.0796875 0.0859375
1 0.1921875 0.2109375 0.08359375 0.08046875
1 0.89921875 0.7765625 0.096875 0.16953125
1 0.77421875 0.72890625 0.084375 0.0984375
1 0.8125 0.43515625 0.1390625 0.1625
1 0.81171875 0.56953125 0.128125 0.06953125
1 0.67265625 0.5328125 0.1015625 0.13984375
1 0.5296875 0.68828125 0.09609375 0.0921875
1 0.53515625 0.48828125 0.11953125 0.1015625
1 0.515625 0.590625 0.07890625 0.1
1 0.4015625 0.6265625 0.0671875 0.07890625
1 0.434375 0.22421875 0.1015625 0.0921875
1 0.54765625 0.36640625 0.0890625 0.10625
1 0.94140625 0.165625 0.1109375 0.109375
1 0.95625 0.2890625 0.08671875 0.16796875
1 0.68671875 0.1375 0.0765625 0.12734375
1 0.6828125 0.325 0.1046875 0.08828125
1 0.55234375 0.0484375 0.09609375 0.0953125
1 0.31484375 0.44375 0.1265625 0.096875
1 0.2765625 0.6421875 0.06953125 0.096875