1 0.621875 0.609375 0.11953125 0.07890625
1 0.52890625 0.49609375 0.07578125 0.08359375
1 0.04453125 0.1953125 0.0890625 0.065625
1 0.590625 0.78515625 0.11171875 0.09140625
1 0.61484375 0.69453125 0.13046875 0.08671875
1 0.6359375 0.5078125 0.12890625 0.090625
1 0.36953125 0.67109375 0.13125 0.07890625
1 0.0140625 0.3421875 0.028125 0.07109375
1 0.19453125 0.33671875 0.11875 0.0625
1 0.94921875 0.24765625 0.1015625 0.08203125
1 0.4875 0.31640625 0.115625 0.09453125
1 0.6703125 0.43515625 0.1078125 0.09140625
1 0.1046875 0.73203125 0.103125 0.09609375
1 0.93515625 0.3125 0.1296875 0.08125
1 0.25546875 0.74765625 0.13515625 0.08671875
1 0.38359375 0.578125 0.12265625 0.0796875
1 0.515625 0.13515625 0.15 0.10234375
1 0.77421875 0.77421875 0.08046875 0.06640625
1 0.82265625 0.709375 0.12109375 0.08359375
1 0.8421875 0.61875 0.14609375 0.09140625
1 0.8703125 0.5359375 0.11015625 0.075
1 0.9265625 0.4546875 0.1421875 0.09296875
1 0.93359375 0.37890625 0.1328125 0.06328125
1 0.94921875 0.140625 0.1015625 0.1125
1 0.734375 0.1765625 0.09296875 0.075
1 0.7859375 0.253125 0.0984375 0.09609375
1 0.70703125 0.32109375 0.14375 0.0984375
1 0.396875 0.4671875 0.125 0.13125
1 0.26796875 0.15859375 0.17578125 0.1078125
1 0.228125 0.25 0.125 0.10390625
1 0.16953125 0.415625 0.1875 0.11640625
1 0.1203125 0.56796875 0.14765625 0.121875
1 0.02578125 0.12734375 0.0515625 0.05859375