1 0.75625 0.45625 0.0875 0.08203125
1 0.46875 0.56484375 0.09453125 0.08828125
1 0.47109375 0.31015625 0.09375 0.08203125
1 0.78828125 0.7484375 0.1015625 0.08515625
1 0.98125 0.05390625 0.0375 0.05234375
1 0.78359375 0.08515625 0.071875 0.0609375
1 0.1046875 0.6828125 0.10390625 0.10546875
1 0.45234375 0.68359375 0.07109375 0.0625
1 0.43359375 0.83203125 0.0953125 0.07578125
1 0.5734375 0.05 0.0703125 0.08984375
1 0.4875 0.165625 0.09609375 0.09921875
1 0.06953125 0.87578125 0.1140625 0.08984375
1 0.4625 0.03671875 0.09140625 0.0734375
1 0.58046875 0.20078125 0.07578125 0.07421875
1 0.56015625 0.3265625 0.0984375 0.06640625
1 0.215625 0.7046875 0.07890625 0.09609375
1 0.62265625 0.79375 0.09375 0.090625
1 0.84453125 0.65625 0.06484375 0.0609375
1 0.31953125 0.83984375 0.1125 0.10078125
1 0.890625 0.125 0.090625 0.0765625
1 0.75546875 0.33359375 0.1 0.084375
1 0.653125 0.46015625 0.09140625 0.065625
1 0.21953125 0.2703125 0.13515625 0.121875
1 0.35703125 0.29375 0.0828125 0.09375
1 0.4515625 0.4421875 0.07890625 0.0515625
1 0.67890625 0.571875 0.09375 0.071875
1 0.225 0.54921875 0.1 0.059375
1 0.29453125 0.64140625 0.05859375 0.0328125
1 0.36875 0.69453125 0.05390625 0.06953125
1 0.21875 0.85625 0.1265625 0.0921875
1 0.19375 0.390625 0.0796875 0.06171875
1 0.3125 0.425 0.08671875 0.09140625
1 0.30703125 0.51953125 0.04140625 0.06953125
1 0.390625 0.5484375 0.05546875 0.08515625
1 0.1796875 0.0734375 0.10078125 0.06015625
1 0.2765625 0.10859375 0.0859375 0.06171875