2 0.69765625 0.48828125 0.1109375 0.0734375
2 0.2859375 0.94375 0.128125 0.1
2 0.9296875 0.6390625 0.08671875 0.0484375
2 0.86640625 0.4625 0.1265625 0.10703125
2 0.59453125 0.390625 0.128125 0.07890625
2 0.425 0.53046875 0.09765625 0.06640625
2 0.1625 0.790625 0.11015625 0.084375
2 0.2328125 0.228125 0.10234375 0.071875
2 0.34765625 0.315625 0.08046875 0.0640625
2 0.94375 0.55 0.1125 0.09375
2 0.31171875 0.6609375 0.11640625 0.0890625
2 0.54921875 0.51484375 0.12890625 0.0734375
2 0.9796875 0.69921875 0.040625 0.06484375
2 0.03125 0.26796875 0.06171875 0.0828125
2 0.77265625 0.615625 0.15078125 0.14296875
2 0.13671875 0.93671875 0.0890625 0.06640625
2 0.309375 0.7625 0.08828125 0.07109375
2 0.03671875 0.63828125 0.0734375 0.0828125
2 0.1609375 0.6421875 0.115625 0.08359375
2 0.05234375 0.50234375 0.1046875 0.06015625
2 0.15859375 0.51953125 0.115625 0.06328125
2 0.06875 0.38984375 0.06328125 0.071875
2 0.11640625 0.27890625 0.0671875 0.0765625
2 0.1203125 0.20546875 0.078125 0.0515625
2 0.12109375 0.121875 0.06484375 0.07109375
2 0.059375 0.0265625 0.06484375 0.053125
2 0.15703125 0.03359375 0.09140625 0.0671875
2 0.25234375 0.06015625 0.046875 0.06484375
2 0.23828125 0.13984375 0.06796875 0.05
2 0.35078125 0.22109375 0.05546875 0.0609375
2 0.2046875 0.38984375 0.1125 0.07890625
2 0.2328125 0.296875 0.0875 0.04375
2 0.30703125 0.49609375 0.084375 0.0859375
2 0.4359375 0.425 0.08671875 0.0625
2 0.45859375 0.665625 0.0671875 0.08359375
2 0.46640625 0.7859375 0.1140625 0.05625
2 0.47421875 0.959375 0.0984375 0.08125
2 0.62890625 0.92265625 0.109375 0.0640625
2 0.76015625 0.93125 0.09609375 0.06171875
2 0.91640625 0.878125 0.08828125 0.08671875
2 0.95078125 0.984375 0.0859375 0.03125
2 0.5921875 0.78046875 0.11953125 0.07890625
2 0.75703125 0.74453125 0.1125 0.07421875
2 0.6390625 0.63125 0.1078125 0.06953125
2 0.559375 0.16015625 0.0796875 0.0703125
2 0.65234375 0.05078125 0.09765625 0.09609375
2 0.82578125 0.11875 0.12578125 0.075
2 0.83359375 0.28359375 0.10625 0.078125
2 0.52734375 0.271875 0.115625 0.06640625
2 0.403125 0.0609375 0.10390625 0.0734375
2 0.9453125 0.33828125 0.10625 0.08125
2 0.7296875 0.3734375 0.07421875 0.06171875
2 0.72109375 0.2796875 0.1 0.06171875