1 0.0203125 0.7875 0.040625 0.1
1 0.6953125 0.6796875 0.15078125 0.1484375
1 0.0171875 0.5875 0.03359375 0.06953125
1 0.48359375 0.45625 0.10859375 0.10390625
1 0.0328125 0.30703125 0.065625 0.0734375
1 0.74921875 0.81875 0.13046875 0.084375
1 0.021875 0.68828125 0.04375 0.0671875
1 0.2546875 0.2484375 0.11796875 0.07734375
1 0.971875 0.825 0.05625 0.109375
1 0.0484375 0.5015625 0.096875 0.0828125
1 0.053125 0.4015625 0.10625 0.10078125
1 0.25 0.33046875 0.11796875 0.090625
1 0.1984375 0.784375 0.14765625 0.096875
1 0.49609375 0.565625 0.12734375 0.07421875
1 0.92109375 0.71484375 0.1578125 0.07421875
1 0.92265625 0.59375 0.15390625 0.13203125
1 0.67578125 0.5515625 0.1640625 0.0984375
1 0.478125 0.6671875 0.1765625 0.10546875
1 0.9328125 0.5046875 0.109375 0.05859375
1 0.9359375 0.3765625 0.12734375 0.06796875
1 0.9109375 0.2734375 0.13828125 0.0765625
1 0.94140625 0.1484375 0.11640625 0.1296875
1 0.94296875 0.03046875 0.1140625 0.0609375
1 0.73046875 0.053125 0.10546875 0.08203125
1 0.7359375 0.140625 0.12421875 0.07109375
1 0.71171875 0.22578125 0.0796875 0.07265625
1 0.7375 0.30625 0.140625 0.075
1 0.6546875 0.41875 0.18203125 0.11875
1 0.47421875 0.3546875 0.11796875 0.08828125
1 0.5109375 0.221875 0.13671875 0.0828125
1 0.49296875 0.121875 0.11953125 0.07265625
1 0.5640625 0.0375 0.1234375 0.075
1 0.33828125 0.06328125 0.10625 0.11796875
1 0.28046875 0.17265625 0.13671875 0.04765625
1 0.23125 0.43515625 0.15703125 0.07734375
1 0.2546875 0.53125 0.109375 0.109375
1 0.22265625 0.6796875 0.20078125 0.08203125
1 0.47421875 0.815625 0.19609375 0.07578125
1 0.065625 0.215625 0.1171875 0.0671875
1 0.11953125 0.13359375 0.109375 0.06953125
1 0.13359375 0.07421875 0.10078125 0.06015625
1 0.18203125 0.02890625 0.1328125 0.0578125