0 0.8125 0.1484375 0.375 0.29609375
0 0.475 0.0984375 0.35859375 0.196875
0 0.14609375 0.1234375 0.2921875 0.246875
0 0.4015625 0.32265625 0.38828125 0.328125
0 0.8 0.46015625 0.4 0.3171875
0 0.81015625 0.71015625 0.31171875 0.28125
0 0.1203125 0.39140625 0.240625 0.27265625
0 0.1421875 0.68671875 0.284375 0.328125
0 0.48984375 0.67109375 0.32265625 0.2703125
0 0.93671875 0.93359375 0.1265625 0.1328125
0 0.65859375 0.94609375 0.2640625 0.1078125
0 0.3921875 0.93515625 0.296875 0.1296875
0 0.13671875 0.93359375 0.2734375 0.1328125