0 0.43984375 0.8 0.20546875 0.2609375
0 0.71953125 0.77890625 0.3015625 0.3671875
0 0.94921875 0.58515625 0.10078125 0.26640625
0 0.2015625 0.4515625 0.275 0.3421875
0 0.47578125 0.54140625 0.2703125 0.40703125
0 0.80859375 0.29140625 0.19140625 0.2
0 0.90078125 0.95546875 0.190625 0.0890625
0 0.7515625 0.5796875 0.265625 0.35390625
0 0.56328125 0.21875 0.19296875 0.28515625
0 0.39453125 0.96015625 0.23671875 0.0796875
0 0.67578125 0.96640625 0.2640625 0.0671875
0 0.97265625 0.340625 0.0546875 0.22578125