1 0.64140625 0.24765625 0.08515625 0.08125
1 0.8421875 0.30625 0.07421875 0.08828125
1 0.11015625 0.33125 0.08046875 0.0703125
1 0.515625 0.5328125 0.09765625 0.09375
1 0.83203125 0.23125 0.07890625 0.065625
1 0.54140625 0.25390625 0.06953125 0.06875
1 0.403125 0.7046875 0.10625 0.0875
1 0.63671875 0.56640625 0.10625 0.09140625
1 0.77421875 0.77890625 0.10078125 0.0953125
1 0.74609375 0.32421875 0.09921875 0.103125
1 0.95 0.22890625 0.0578125 0.06484375
1 0.51171875 0.73203125 0.103125 0.11484375
1 0.93984375 0.93359375 0.0921875 0.07421875
1 0.425 0.3421875 0.0921875 0.1140625
1 0.0953125 0.42265625 0.08046875 0.10078125
1 0.11953125 0.2578125 0.096875 0.0796875
1 0.90390625 0.86953125 0.1140625 0.09453125
1 0.8640625 0.39140625 0.0859375 0.10859375
1 0.23515625 0.2859375 0.065625 0.075
1 0.9625 0.35390625 0.07265625 0.075
1 0.02421875 0.35390625 0.0484375 0.11328125
1 0.17890625 0.95078125 0.0859375 0.09453125
1 0.43515625 0.2578125 0.0671875 0.08203125
1 0.73828125 0.25625 0.08984375 0.06484375
1 0.96875 0.440625 0.0625 0.071875
1 0.9796875 0.51015625 0.040625 0.1046875
1 0.9734375 0.60078125 0.053125 0.06015625
1 0.98359375 0.675 0.0328125 0.115625
1 0.98359375 0.7859375 0.0328125 0.08359375
1 0.8984375 0.76640625 0.09140625 0.1046875
1 0.890625 0.665625 0.08046875 0.11015625
1 0.88046875 0.55625 0.09609375 0.09453125
1 0.86953125 0.4859375 0.10859375 0.090625
1 0.80625 0.959375 0.1 0.08125
1 0.79296875 0.88203125 0.09765625 0.09609375
1 0.775 0.6859375 0.0953125 0.08671875
1 0.76484375 0.59921875 0.1328125 0.09765625
1 0.74375 0.4640625 0.10078125 0.16875
1 0.625 0.33046875 0.05 0.06484375
1 0.6203125 0.396875 0.06640625 0.07421875
1 0.62265625 0.48828125 0.08046875 0.0515625
1 0.646875 0.6734375 0.0734375 0.06875
1 0.6390625 0.76875 0.0984375 0.08671875
1 0.6640625 0.83125 0.07890625 0.0765625
1 0.66484375 0.89296875 0.11640625 0.0921875
1 0.66875 0.97109375 0.0984375 0.05703125
1 0.5265625 0.96484375 0.096875 0.0703125
1 0.52109375 0.8640625 0.1078125 0.17578125
1 0.39140625 0.89375 0.103125 0.11640625
1 0.38671875 0.9578125 0.09609375 0.0828125
1 0.38046875 0.771875 0.0921875 0.125
1 0.38984375 0.59921875 0.1109375 0.1234375
1 0.3859375 0.5203125 0.0890625 0.0734375
1 0.39921875 0.4375 0.10625 0.078125
1 0.51328125 0.4546875 0.0703125 0.08203125
1 0.52578125 0.38828125 0.0625 0.053125
1 0.53359375 0.3203125 0.08515625 0.06875
1 0.3171875 0.33984375 0.07265625 0.06640625
1 0.31015625 0.41953125 0.08515625 0.09765625
1 0.2921875 0.52265625 0.09140625 0.1046875
1 0.28359375 0.6046875 0.09140625 0.10078125
1 0.27265625 0.72890625 0.09765625 0.1375
1 0.28046875 0.83046875 0.06171875 0.0625
1 0.3 0.93515625 0.08125 0.1296875
1 0.15625 0.865625 0.10546875 0.09296875
1 0.16484375 0.73828125 0.1171875 0.11640625
1 0.17890625 0.61875 0.08515625 0.109375
1 0.1921875 0.5125 0.1015625 0.10703125
1 0.19375 0.403125 0.09375 0.09765625
1 0.0765625 0.525 0.10390625 0.1109375
1 0.05 0.63203125 0.090625 0.10859375
1 0.053125 0.82734375 0.10625 0.16875
1 0.06796875 0.93671875 0.10859375 0.1265625