0 0.37109375 0.28359375 0.3453125 0.21171875
0 0.67890625 0.24375 0.28125 0.19765625
0 0.91640625 0.2265625 0.1671875 0.2484375
0 0.84765625 0.4640625 0.3046875 0.2
0 0.50859375 0.48671875 0.4015625 0.228125
0 0.1484375 0.54140625 0.296875 0.26015625
0 0.86953125 0.80234375 0.2609375 0.35078125
0 0.58359375 0.85859375 0.46015625 0.2828125
0 0.178125 0.865625 0.35625 0.26796875
0 0.5140625 0.05703125 0.3 0.1140625
0 0.76875 0.04453125 0.2140625 0.08828125
0 0.9375 0.04453125 0.12421875 0.08828125
0 0.18984375 0.06171875 0.3109375 0.12265625
0 0.0265625 0.11796875 0.053125 0.2015625