1 0.965625 0.9140625 0.06875 0.128125
1 0.9828125 0.97109375 0.03359375 0.0578125
1 0.27890625 0.3609375 0.09921875 0.1
1 0.2921875 0.20234375 0.11875 0.10859375
1 0.9828125 0.1984375 0.034375 0.10078125
1 0.3328125 0.77421875 0.0859375 0.08671875
1 0.975 0.65390625 0.04921875 0.0765625
1 0.4109375 0.2140625 0.08828125 0.0875
1 0.71875 0.2140625 0.08828125 0.11015625
1 0.20625 0.796875 0.0921875 0.07734375
1 0.87734375 0.15859375 0.0734375 0.08203125
1 0.134375 0.21328125 0.1265625 0.1234375
1 0.4359375 0.30546875 0.10078125 0.08359375
1 0.565625 0.22890625 0.10625 0.1234375
1 0.72421875 0.43046875 0.12890625 0.146875
1 0.54375 0.45546875 0.1390625 0.17265625
1 0.84765625 0.29609375 0.0859375 0.06953125
1 0.9765625 0.4328125 0.04609375 0.09296875
1 0.959375 0.53359375 0.08125 0.1359375
1 0.88046875 0.6125 0.1125 0.12109375
1 0.8484375 0.740625 0.12265625 0.10703125
1 0.70859375 0.62890625 0.1078125 0.15390625
1 0.740625 0.7875 0.159375 0.1546875
1 0.984375 0.79453125 0.03125 0.10625
1 0.58671875 0.78359375 0.14921875 0.1234375
1 0.5796875 0.65703125 0.12109375 0.0953125
1 0.5703125 0.56640625 0.11015625 0.08828125
1 0.45234375 0.62734375 0.11640625 0.08671875
1 0.40078125 0.5265625 0.06328125 0.09296875
1 0.43046875 0.43828125 0.0515625 0.07734375
1 0.30234375 0.2796875 0.075 0.071875
1 0.3015625 0.47890625 0.07734375 0.1234375
1 0.29296875 0.63359375 0.1109375 0.165625
1 0.15 0.3453125 0.134375 0.12578125
1 0.17265625 0.4515625 0.12734375 0.1
1 0.18515625 0.56328125 0.1 0.11875
1 0.1890625 0.675 0.0875 0.08203125
1 0.371875 0.9078125 0.1265625 0.1328125
1 0.625 0.90078125 0.15625 0.14765625
1 0.80625 0.94921875 0.128125 0.1015625
1 0.240625 0.95 0.071875 0.1
1 0.13046875 0.965625 0.0984375 0.06875
1 0.09765625 0.87265625 0.103125 0.1
1 0.08203125 0.74296875 0.0890625 0.12578125
1 0.0234375 0.91875 0.046875 0.0578125
1 0.04453125 0.63203125 0.05234375 0.07734375
1 0.028125 0.540625 0.05625 0.15625
1 0.03828125 0.4203125 0.0765625 0.128125
1 0.028125 0.25390625 0.05625 0.2078125
1 0.50234375 0.971875 0.05546875 0.05625
1 0.38984375 0.98984375 0.0859375 0.0203125
1 0.48203125 0.83828125 0.08515625 0.10546875
1 0.428125 0.7484375 0.0875 0.1234375
1 0.6390625 0.9828125 0.12421875 0.034375