2 0.4375 0.7234375 0.10546875 0.0765625
2 0.7421875 0.89375 0.11875 0.0765625
2 0.5828125 0.8890625 0.1 0.059375
2 0.81171875 0.55234375 0.090625 0.0578125
2 0.3734375 0.44140625 0.09375 0.0796875
2 0.75546875 0.38984375 0.1125 0.08828125
2 0.3375 0.82578125 0.10078125 0.0671875
2 0.0890625 0.5140625 0.10625 0.06953125
2 0.55390625 0.665625 0.09921875 0.0734375
2 0.63359375 0.478125 0.08828125 0.06171875
2 0.8609375 0.2828125 0.1015625 0.06484375
2 0.70390625 0.65078125 0.12734375 0.0796875
2 0.11015625 0.64140625 0.115625 0.071875
2 0.44765625 0.93046875 0.09921875 0.0671875
2 0.22578125 0.87109375 0.08046875 0.05625
2 0.921875 0.65625 0.0890625 0.05234375
2 0.31875 0.72421875 0.10859375 0.07890625
2 0.29609375 0.3328125 0.07265625 0.05546875
2 0.83984375 0.67265625 0.08984375 0.07109375
2 0.234375 0.590625 0.14921875 0.0578125
2 0.496875 0.42265625 0.08359375 0.078125
2 0.6359375 0.4015625 0.08984375 0.07109375
2 0.053125 0.37109375 0.10625 0.078125
2 0.18359375 0.3453125 0.1140625 0.08046875
2 0.04609375 0.26484375 0.0921875 0.08046875
2 0.259375 0.20390625 0.10546875 0.096875
2 0.3859375 0.09921875 0.11328125 0.0875
2 0.11796875 0.03671875 0.0875 0.05859375
2 0.53828125 0.065625 0.121875 0.09765625
2 0.45234375 0.2953125 0.1328125 0.09140625
2 0.5875 0.30390625 0.109375 0.084375
2 0.7078125 0.29453125 0.1015625 0.0828125
2 0.396875 0.18984375 0.11015625 0.0421875
2 0.6875 0.17890625 0.09375 0.09296875
2 0.83984375 0.18046875 0.125 0.0984375
2 0.91484375 0.08984375 0.1703125 0.0640625
2 0.64921875 0.0703125 0.06875 0.0828125
2 0.96171875 0.3125 0.0765625 0.096875
2 0.88515625 0.409375 0.1046875 0.075
2 0.975 0.41171875 0.05 0.0703125
2 0.865625 0.7734375 0.1421875 0.071875
2 0.20078125 0.4828125 0.1015625 0.071875
2 0.209375 0.0703125 0.09375 0.078125
2 0.12109375 0.1625 0.11171875 0.0796875