1 0.678125 0.26015625 0.09921875 0.08515625
1 0.865625 0.23828125 0.12109375 0.128125
1 0.075 0.790625 0.09765625 0.103125
1 0.478125 0.48515625 0.09765625 0.1046875
1 0.86796875 0.48359375 0.10546875 0.0890625
1 0.1015625 0.66953125 0.1 0.071875
1 0.11953125 0.25390625 0.07421875 0.0734375
1 0.50703125 0.2359375 0.0921875 0.084375
1 0.4640625 0.73046875 0.06171875 0.09140625
1 0.259375 0.55546875 0.11328125 0.12421875
1 0.31015625 0.10390625 0.065625 0.06796875
1 0.4640625 0.853125 0.08359375 0.08046875
1 0.50234375 0.3609375 0.09453125 0.1078125
1 0.67421875 0.1421875 0.10390625 0.084375
1 0.67578125 0.06640625 0.0984375 0.12265625
1 0.48671875 0.1015625 0.16015625 0.14453125
1 0.68125 0.38046875 0.11484375 0.10859375
1 0.68515625 0.52109375 0.12578125 0.12421875
1 0.8984375 0.74140625 0.16484375 0.15078125
1 0.91015625 0.85625 0.12265625 0.1125
1 0.9015625 0.959375 0.1796875 0.08125
1 0.6890625 0.96953125 0.16328125 0.0609375
1 0.68671875 0.9109375 0.13125 0.14453125
1 0.69375 0.78359375 0.096875 0.10234375
1 0.6671875 0.64453125 0.1046875 0.0984375
1 0.46015625 0.971875 0.0828125 0.05625
1 0.24765625 0.93671875 0.0953125 0.1265625
1 0.0875 0.93125 0.11484375 0.10859375
1 0.0890625 0.56796875 0.0984375 0.1265625
1 0.103125 0.45703125 0.1015625 0.08828125
1 0.12578125 0.128125 0.134375 0.10234375