0 0.79921875 0.70078125 0.2578125 0.40625
0 0.4578125 0.92109375 0.17578125 0.1578125
0 0.53359375 0.64375 0.2484375 0.4140625
0 0.28359375 0.5890625 0.2515625 0.37578125
0 0.2296875 0.8921875 0.18203125 0.21171875
0 0.16171875 0.084375 0.1953125 0.16875
0 0.3171875 0.31484375 0.28359375 0.44453125
0 0.08203125 0.559375 0.16015625 0.28046875
0 0.04453125 0.80625 0.0890625 0.21875
0 0.565625 0.30078125 0.21171875 0.278125
0 0.62421875 0.08203125 0.2171875 0.1640625
0 0.3609375 0.0734375 0.24375 0.146875