1 0.20390625 0.23359375 0.0921875 0.08984375
1 0.66328125 0.24453125 0.08515625 0.08125
1 0.24375 0.6109375 0.0984375 0.08046875
1 0.0390625 0.3140625 0.078125 0.10625
1 0.46640625 0.596875 0.12421875 0.140625
1 0.4609375 0.51640625 0.09609375 0.0859375
1 0.225 0.325 0.1015625 0.05625
1 0.71171875 0.6796875 0.1421875 0.13515625
1 0.91484375 0.67578125 0.15625 0.11875
1 0.928125 0.8296875 0.14296875 0.09765625
1 0.62421875 0.7984375 0.21875 0.07109375
1 0.4140625 0.80859375 0.11953125 0.0921875
1 0.2734375 0.70078125 0.190625 0.06953125
1 0.21796875 0.78046875 0.1109375 0.1140625
1 0.503125 0.7171875 0.17578125 0.08046875
1 0.70078125 0.55859375 0.14140625 0.08203125
1 0.90859375 0.57109375 0.11328125 0.0734375
1 0.221875 0.52109375 0.15625 0.06953125
1 0.2625 0.39609375 0.17421875 0.05078125
1 0.46953125 0.3953125 0.13359375 0.05390625
1 0.7265625 0.44140625 0.171875 0.13203125
1 0.91484375 0.46015625 0.1703125 0.11484375
1 0.45703125 0.29140625 0.1109375 0.06953125
1 0.64921875 0.31953125 0.15546875 0.0734375
1 0.90859375 0.340625 0.14375 0.1140625
1 0.8703125 0.2390625 0.12109375 0.08046875
1 0.42265625 0.16484375 0.15859375 0.12421875
1 0.625 0.159375 0.13125 0.06953125
1 0.821875 0.0640625 0.12578125 0.08046875
1 0.85703125 0.14375 0.115625 0.0921875
1 0.646875 0.0734375 0.134375 0.07578125
1 0.4453125 0.0546875 0.12578125 0.06640625
1 0.23359375 0.078125 0.090625 0.07578125
1 0.2390625 0.153125 0.1015625 0.0671875