1 0.37109375 0.6484375 0.1109375 0.08671875
1 0.77578125 0.62421875 0.08515625 0.09296875
1 0.95546875 0.70234375 0.084375 0.08359375
1 0.0375 0.86484375 0.07421875 0.09609375
1 0.584375 0.70703125 0.11953125 0.0828125
1 0.96328125 0.434375 0.0734375 0.0859375
1 0.96640625 0.3421875 0.0671875 0.096875
1 0.9640625 0.16953125 0.071875 0.0734375
1 0.95390625 0.24375 0.09140625 0.08125
1 0.74609375 0.17265625 0.109375 0.09140625
1 0.5296875 0.2046875 0.2015625 0.10703125
1 0.77421875 0.26171875 0.16015625 0.0703125
1 0.75 0.34765625 0.24375 0.1078125
1 0.51875 0.33125 0.090625 0.08359375
1 0.53828125 0.44375 0.1546875 0.05703125
1 0.26875 0.27265625 0.2109375 0.10703125
1 0.05 0.28125 0.1 0.10546875
1 0.07265625 0.38828125 0.1453125 0.0953125
1 0.29140625 0.4578125 0.2234375 0.12421875
1 0.56171875 0.55703125 0.13828125 0.10390625
1 0.18203125 0.6140625 0.140625 0.096875
1 0.18671875 0.73984375 0.12578125 0.1046875
1 0.03125 0.69140625 0.0625 0.0984375
1 0.17890625 0.878125 0.171875 0.0828125
1 0.178125 0.81953125 0.103125 0.0828125
1 0.36875 0.8640625 0.134375 0.0828125
1 0.34921875 0.796875 0.1140625 0.05625
1 0.5703125 0.84765625 0.109375 0.04609375
1 0.37890625 0.93125 0.1171875 0.0484375
1 0.5390625 0.896875 0.14765625 0.0578125
1 0.74765625 0.89296875 0.090625 0.0765625
1 0.578125 0.803125 0.08203125 0.04609375
1 0.73828125 0.7984375 0.11015625 0.04921875
1 0.7515625 0.740625 0.0875 0.02578125
1 0.790625 0.7 0.12578125 0.0484375
1 0.95390625 0.62265625 0.09140625 0.05703125
1 0.9265625 0.77734375 0.14609375 0.05390625
1 0.9171875 0.853125 0.11171875 0.059375
1 0.76484375 0.46328125 0.11171875 0.07890625
1 0.803125 0.53125 0.109375 0.0890625