1 0.64140625 0.26796875 0.0796875 0.0734375
1 0.6328125 0.2015625 0.08671875 0.0578125
1 0.46796875 0.7859375 0.12265625 0.1046875
1 0.92578125 0.82109375 0.103125 0.0875
1 0.30546875 0.284375 0.1125 0.07578125
1 0.46875 0.34375 0.10078125 0.065625
1 0.51640625 0.5125 0.125 0.08359375
1 0.27265625 0.14765625 0.0921875 0.04921875
1 0.14375 0.146875 0.0828125 0.05390625
1 0.1375 0.19453125 0.140625 0.059375
1 0.1390625 0.24609375 0.09765625 0.0484375
1 0.1609375 0.31484375 0.11015625 0.05390625
1 0.30625 0.34375 0.1296875 0.0765625
1 0.1546875 0.40625 0.2046875 0.0453125
1 0.1453125 0.47890625 0.0796875 0.08046875
1 0.303125 0.45078125 0.0796875 0.08359375
1 0.3125 0.4953125 0.15078125 0.07734375
1 0.284375 0.61640625 0.17578125 0.08984375
1 0.121875 0.59921875 0.09765625 0.0765625
1 0.0875 0.7140625 0.1578125 0.14609375
1 0.25078125 0.790625 0.1046875 0.08671875
1 0.53359375 0.68671875 0.140625 0.090625
1 0.6671875 0.790625 0.1296875 0.11171875
1 0.4921875 0.58046875 0.11640625 0.09375
1 0.4640625 0.42890625 0.1015625 0.084375
1 0.4609375 0.26328125 0.1140625 0.07578125
1 0.4765625 0.1734375 0.12265625 0.05390625
1 0.29375 0.2046875 0.128125 0.08359375
1 0.6890625 0.36171875 0.11640625 0.06328125
1 0.70625 0.43828125 0.1171875 0.053125
1 0.71796875 0.521875 0.0921875 0.05