1 0.9671875 0.28671875 0.065625 0.1046875
1 0.9546875 0.48671875 0.090625 0.1046875
1 0.9515625 0.5859375 0.096875 0.10546875
1 0.2375 0.21953125 0.178125 0.103125
1 0.30625 0.71328125 0.0703125 0.06484375
1 0.05859375 0.2828125 0.1171875 0.1015625
1 0.06484375 0.396875 0.1140625 0.09140625
1 0.22734375 0.06015625 0.134375 0.1140625
1 0.43046875 0.2515625 0.1609375 0.134375
1 0.0296875 0.6296875 0.059375 0.08984375
1 0.81484375 0.84609375 0.13515625 0.09296875
1 0.46171875 0.54609375 0.13046875 0.09375
1 0.03984375 0.075 0.0796875 0.14453125
1 0.8515625 0.41640625 0.146875 0.0828125
1 0.6296875 0.4328125 0.15703125 0.1171875
1 0.628125 0.8734375 0.12578125 0.06171875
1 0.65078125 0.0703125 0.209375 0.11875
1 0.86171875 0.0921875 0.2171875 0.11171875
1 0.84140625 0.20234375 0.1578125 0.09765625
1 0.840625 0.32109375 0.19375 0.103125
1 0.25625 0.40078125 0.21875 0.1078125