1 0.921875 0.296875 0.0859375 0.0984375
1 0.2921875 0.26328125 0.090625 0.078125
1 0.62734375 0.26953125 0.0765625 0.06796875
1 0.79609375 0.1859375 0.08984375 0.09609375
1 0.43203125 0.515625 0.11171875 0.12265625
1 0.41484375 0.603125 0.103125 0.08046875
1 0.70546875 0.2046875 0.0859375 0.0859375
1 0.303125 0.43203125 0.08359375 0.1
1 0.84609375 0.36484375 0.08515625 0.1
1 0.40859375 0.209375 0.07578125 0.0671875
1 0.41484375 0.70859375 0.109375 0.12578125
1 0.97890625 0.2125 0.04140625 0.07734375
1 0.41875 0.415625 0.08828125 0.09140625
1 0.9734375 0.4828125 0.053125 0.0703125
1 0.190625 0.32265625 0.09140625 0.07421875
1 0.65859375 0.73828125 0.128125 0.11484375
1 0.18125 0.25546875 0.08359375 0.07890625
1 0.89765625 0.64140625 0.1015625 0.11015625
1 0.78203125 0.72109375 0.09375 0.09453125
1 0.5265625 0.2875 0.078125 0.08359375
1 0.6515625 0.365625 0.09375 0.07421875
1 0.19375 0.4125 0.11640625 0.0953125
1 0.6609375 0.61484375 0.1125 0.10625
1 0.6140625 0.19765625 0.06875 0.06328125
1 0.52734375 0.7921875 0.0734375 0.08828125
1 0.26328125 0.91875 0.1078125 0.11328125
1 0.771875 0.5125 0.1046875 0.10078125
1 0.05625 0.5765625 0.1125 0.11953125
1 0.7484375 0.4296875 0.06796875 0.0828125
1 0.896875 0.8515625 0.0734375 0.09609375
1 0.9046875 0.77265625 0.04609375 0.0671875
1 0.896875 0.95390625 0.0359375 0.05234375
1 0.78125 0.92421875 0.05234375 0.1125
1 0.7875 0.81640625 0.0796875 0.0828125
1 0.6609375 0.9234375 0.06328125 0.09765625
1 0.64140625 0.8328125 0.08125 0.08515625
1 0.65546875 0.4453125 0.05859375 0.07265625
1 0.7421875 0.32109375 0.06640625 0.05625
1 0.8625 0.47734375 0.05703125 0.0703125
1 0.8234375 0.2703125 0.09375 0.09140625
1 0.54453125 0.39765625 0.05625 0.04375
1 0.540625 0.47734375 0.0734375 0.08125
1 0.54375 0.57421875 0.090625 0.11640625
1 0.5359375 0.671875 0.0796875 0.103125
1 0.53515625 0.890625 0.0640625 0.13515625
1 0.39453125 0.9203125 0.04921875 0.04296875
1 0.38984375 0.82421875 0.07578125 0.08046875
1 0.41484375 0.3203125 0.12109375 0.128125
1 0.31796875 0.52109375 0.06484375 0.08984375
1 0.2859375 0.70859375 0.09609375 0.109375
1 0.26796875 0.80625 0.071875 0.115625
1 0.1890625 0.51015625 0.096875 0.096875
1 0.178125 0.59453125 0.09765625 0.0921875
1 0.16171875 0.71640625 0.1203125 0.14609375
1 0.14375 0.83671875 0.0953125 0.115625
1 0.1265625 0.93671875 0.12265625 0.12578125
1 0.01171875 0.93046875 0.02265625 0.1390625
1 0.01875 0.80859375 0.0375 0.05625
1 0.02578125 0.7125 0.0515625 0.1125
1 0.05078125 0.4234375 0.04921875 0.10234375
1 0.06953125 0.31015625 0.0828125 0.12734375
1 0.0609375 0.16015625 0.06953125 0.06875
1 0.0625 0.2328125 0.10625 0.0828125