1 0.37890625 0.3875 0.11796875 0.11484375
1 0.25078125 0.38359375 0.09453125 0.07734375
1 0.73515625 0.15625 0.06171875 0.0578125
1 0.97109375 0.26640625 0.0578125 0.08828125
1 0.915625 0.38828125 0.10625 0.0984375
1 0.86015625 0.20234375 0.0921875 0.10234375
1 0.50859375 0.45390625 0.10234375 0.1046875
1 0.49453125 0.35390625 0.0984375 0.078125
1 0.503125 0.575 0.10390625 0.14765625
1 0.7359375 0.0890625 0.10234375 0.07421875
1 0.63984375 0.32734375 0.07421875 0.09765625
1 0.78046875 0.31484375 0.12890625 0.1140625
1 0.7234375 0.02734375 0.10625 0.0546875
1 0.01640625 0.571875 0.0328125 0.11640625
1 0.96796875 0.1828125 0.0640625 0.07578125
1 0.6203125 0.21953125 0.10078125 0.096875
1 0.653125 0.5453125 0.1421875 0.1234375
1 0.01484375 0.46328125 0.0296875 0.07265625
1 0.64140625 0.43671875 0.12265625 0.125
1 0.259375 0.515625 0.096875 0.1125
1 0.78125 0.53515625 0.09765625 0.0921875
1 0.59921875 0.0375 0.08515625 0.075
1 0.91640625 0.8046875 0.1 0.1203125
1 0.92890625 0.10703125 0.103125 0.103125
1 0.2640625 0.55 0.125 0.16640625
1 0.24140625 0.11328125 0.07890625 0.0890625
1 0.50078125 0.25546875 0.0859375 0.09765625
1 0.6203125 0.128125 0.1015625 0.0984375
1 0.77578125 0.41328125 0.125 0.13125
1 0.92109375 0.678125 0.13125 0.16640625
1 0.653125 0.6859375 0.13515625 0.13515625
1 0.62265625 0.9140625 0.11328125 0.15390625
1 0.49765625 0.80234375 0.07890625 0.11328125
1 0.36796875 0.846875 0.13046875 0.234375
1 0.2109375 0.89140625 0.1078125 0.15546875
1 0.0734375 0.8875 0.08984375 0.16328125
1 0.11796875 0.17890625 0.09140625 0.19765625
1 0.0921875 0.653125 0.0828125 0.11328125
1 0.08359375 0.77265625 0.08125 0.07890625
1 0.12578125 0.55390625 0.10078125 0.10078125
1 0.2359375 0.78515625 0.13125 0.09140625
1 0.22265625 0.7109375 0.07578125 0.10234375
1 0.37890625 0.22109375 0.09375 0.13515625