1 0.6921875 0.8234375 0.11015625 0.08359375
1 0.353125 0.8578125 0.11875 0.071875
1 0.67734375 0.21640625 0.11640625 0.071875
1 0.17265625 0.434375 0.11875 0.0796875
1 0.6671875 0.596875 0.0890625 0.0921875
1 0.978125 0.32109375 0.04375 0.07265625
1 0.3140625 0.134375 0.08359375 0.06171875
1 0.49296875 0.39609375 0.07890625 0.07734375
1 0.19296875 0.72265625 0.0875 0.08046875
1 0.3140625 0.2078125 0.10625 0.0703125
1 0.66171875 0.31640625 0.12265625 0.0875
1 0.46953125 0.2921875 0.09765625 0.11015625
1 0.4765625 0.1875 0.1125 0.11171875
1 0.29453125 0.31640625 0.128125 0.0921875
1 0.284375 0.434375 0.1078125 0.10078125
1 0.3140625 0.56640625 0.128125 0.08984375
1 0.31015625 0.66484375 0.13671875 0.0953125
1 0.32265625 0.77890625 0.165625 0.10625
1 0.52109375 0.8859375 0.1296875 0.12890625
1 0.47890625 0.73203125 0.12421875 0.1125
1 0.50078125 0.528125 0.1515625 0.0828125
1 0.66015625 0.70703125 0.14453125 0.0984375
1 0.709375 0.48125 0.11015625 0.10859375
1 0.865625 0.49296875 0.11796875 0.1109375
1 0.89609375 0.609375 0.1484375 0.09765625
1 0.9015625 0.75234375 0.13515625 0.15234375
1 0.7296875 0.925 0.1609375 0.0765625
1 0.8796875 0.928125 0.1015625 0.0765625
1 0.84140625 0.375 0.16640625 0.1
1 0.846875 0.275 0.15390625 0.096875
1 0.175 0.14375 0.06171875 0.03203125
1 0.17421875 0.240625 0.11484375 0.09375
1 0.15546875 0.33984375 0.13203125 0.084375
1 0.15703125 0.52578125 0.16796875 0.103125
1 0.175 0.64296875 0.1578125 0.0984375