1 0.46640625 0.775 0.096875 0.0859375
1 0.75859375 0.90546875 0.1078125 0.0953125
1 0.57890625 0.78046875 0.06953125 0.0828125
1 0.97890625 0.23125 0.0421875 0.115625
1 0.4734375 0.66015625 0.0765625 0.07421875
1 0.75078125 0.79140625 0.1015625 0.09921875
1 0.86484375 0.6984375 0.10625 0.0828125
1 0.584375 0.21015625 0.1109375 0.11015625
1 0.03515625 0.29453125 0.0703125 0.0921875
1 0.3578125 0.96484375 0.15625 0.0703125
1 0.03125 0.19921875 0.06015625 0.0921875
1 0.17734375 0.521875 0.07421875 0.0875
1 0.890625 0.83203125 0.0890625 0.09296875
1 0.16015625 0.321875 0.08984375 0.0734375
1 0.85625 0.22734375 0.1171875 0.14296875
1 0.7078125 0.325 0.11015625 0.10078125
1 0.72734375 0.21328125 0.07265625 0.115625
1 0.9765625 0.3625 0.04609375 0.16796875
1 0.85703125 0.37421875 0.125 0.1296875
1 0.98125 0.4875 0.0375 0.09453125
1 0.86171875 0.48515625 0.09765625 0.096875
1 0.971875 0.609375 0.05546875 0.15625
1 0.86875 0.6171875 0.12578125 0.09453125
1 0.99296875 0.8375 0.0140625 0.1234375
1 0.91953125 0.95 0.0828125 0.09921875
1 0.71796875 0.65234375 0.0984375 0.115625
1 0.71484375 0.55546875 0.090625 0.11875
1 0.7 0.4421875 0.06875 0.134375
1 0.56796875 0.41796875 0.0828125 0.14765625
1 0.58046875 0.65625 0.1203125 0.1484375
1 0.57265625 0.52265625 0.0875 0.078125
1 0.62109375 0.90625 0.1140625 0.1453125
1 0.51484375 0.975 0.090625 0.05
1 0.4359375 0.53515625 0.096875 0.1515625
1 0.43359375 0.3640625 0.1140625 0.11640625
1 0.4625 0.24609375 0.11328125 0.1484375
1 0.30625 0.21015625 0.12109375 0.134375
1 0.30625 0.3296875 0.12109375 0.1078125
1 0.30703125 0.45 0.0703125 0.0859375
1 0.32109375 0.73515625 0.11484375 0.1234375
1 0.3046875 0.57890625 0.0828125 0.1890625
1 0.3609375 0.8765625 0.1359375 0.1
1 0.19453125 0.8671875 0.11328125 0.15390625
1 0.18125 0.73828125 0.10078125 0.12265625
1 0.090625 0.95703125 0.07265625 0.0859375
1 0.05859375 0.8359375 0.1171875 0.1125
1 0.0578125 0.71640625 0.096875 0.1015625
1 0.04921875 0.5015625 0.0984375 0.12734375
1 0.01953125 0.93984375 0.0390625 0.1203125