2 0.7578125 0.16875 0.10625 0.07109375
2 0.3328125 0.5359375 0.15546875 0.10625
2 0.08828125 0.81484375 0.1296875 0.0828125
2 0.709375 0.43515625 0.11875 0.084375
2 0.746875 0.2984375 0.1 0.0734375
2 0.9640625 0.58515625 0.071875 0.04921875
2 0.26015625 0.07890625 0.10234375 0.06796875
2 0.3015625 0.7078125 0.128125 0.09765625
2 0.0515625 0.56328125 0.103125 0.075
2 0.6734375 0.75390625 0.16953125 0.09375
2 0.75078125 0.971875 0.1078125 0.05625
2 0.9203125 0.19609375 0.10625 0.071875
2 0.2359375 0.22109375 0.1421875 0.09765625
2 0.61171875 0.91171875 0.15859375 0.15078125
2 0.39921875 0.9125 0.14140625 0.075
2 0.19921875 0.89921875 0.12109375 0.11953125
2 0.4546875 0.74453125 0.1484375 0.09765625
2 0.51796875 0.55703125 0.15 0.13671875
2 0.83984375 0.5 0.15703125 0.0890625
2 0.6875 0.5828125 0.11796875 0.1296875
2 0.56796875 0.3671875 0.128125 0.0796875
2 0.39296875 0.3828125 0.14453125 0.08984375
2 0.1640625 0.51640625 0.09609375 0.09375
2 0.0875 0.6734375 0.1078125 0.109375
2 0.60390625 0.26328125 0.09921875 0.1328125
2 0.03984375 0.228125 0.0796875 0.1203125
2 0.42734375 0.08359375 0.09609375 0.12578125
2 0.59609375 0.0875 0.13671875 0.1125
2 0.90703125 0.06171875 0.15703125 0.0796875
2 0.209375 0.3609375 0.09765625 0.06484375
2 0.1171875 0.04765625 0.09921875 0.0953125