0 0.375 0.28984375 0.32734375 0.20078125
0 0.66640625 0.25234375 0.26640625 0.1875
0 0.90625 0.2359375 0.1875 0.23515625
0 0.84140625 0.46171875 0.31640625 0.1890625
0 0.50546875 0.4828125 0.38125 0.21640625
0 0.1625 0.534375 0.284375 0.246875
0 0.86171875 0.78203125 0.27578125 0.3328125
0 0.5765625 0.85078125 0.43671875 0.2984375
0 0.18125 0.8578125 0.3578125 0.284375
0 0.5109375 0.06484375 0.284375 0.1296875
0 0.7515625 0.05234375 0.203125 0.1046875
0 0.9265625 0.05390625 0.146875 0.103125
0 0.203125 0.07265625 0.29453125 0.1296875
0 0.03671875 0.13359375 0.0734375 0.19140625