1 0.92734375 0.7828125 0.08046875 0.16796875
1 0.82578125 0.8546875 0.06875 0.1125
1 0.571875 0.8265625 0.08984375 0.10703125
1 0.5828125 0.67578125 0.0671875 0.1125
1 0.56171875 0.52265625 0.109375 0.05625
1 0.71796875 0.4375 0.084375 0.11484375
1 0.59453125 0.265625 0.125 0.178125
1 0.7546875 0.0234375 0.17265625 0.046875
1 0.59609375 0.06953125 0.0828125 0.10703125
1 0.46328125 0.16484375 0.09609375 0.11484375
1 0.36015625 0.24609375 0.1015625 0.109375
1 0.1859375 0.1765625 0.08671875 0.12265625
1 0.20390625 0.69921875 0.07265625 0.18359375
1 0.34375 0.78828125 0.1078125 0.1328125