1 0.6296875 0.6359375 0.10546875 0.0828125
1 0.246875 0.6140625 0.08046875 0.0875
1 0.0765625 0.6875 0.0796875 0.07890625
1 0.9546875 0.84140625 0.0875 0.090625
1 0.428125 0.6921875 0.11328125 0.078125
1 0.05234375 0.43359375 0.10390625 0.08125
1 0.04921875 0.34609375 0.0984375 0.0921875
1 0.0515625 0.18359375 0.103125 0.0703125
1 0.0609375 0.253125 0.12109375 0.07734375
1 0.275 0.18515625 0.10390625 0.08671875
1 0.4796875 0.215625 0.19140625 0.1015625
1 0.2484375 0.26953125 0.1515625 0.06640625
1 0.271875 0.3515625 0.23125 0.10234375
1 0.490625 0.3359375 0.0859375 0.07890625
1 0.471875 0.4421875 0.14609375 0.05390625
1 0.72734375 0.28046875 0.2 0.1015625
1 0.94296875 0.2890625 0.11015625 0.10078125
1 0.9203125 0.38984375 0.15234375 0.090625
1 0.70625 0.45625 0.21171875 0.11796875
1 0.45 0.55 0.13125 0.0984375
1 0.809375 0.60390625 0.13359375 0.09140625
1 0.8046875 0.72265625 0.11953125 0.09921875
1 0.9609375 0.6765625 0.07734375 0.09375
1 0.8125 0.8546875 0.16328125 0.078125
1 0.81328125 0.7984375 0.09765625 0.078125
1 0.6328125 0.840625 0.12734375 0.078125
1 0.6515625 0.77734375 0.1078125 0.053125
1 0.44140625 0.82578125 0.10390625 0.04375
1 0.62265625 0.9046875 0.1109375 0.04609375
1 0.471875 0.871875 0.13984375 0.0546875
1 0.2734375 0.86796875 0.0859375 0.07265625
1 0.434375 0.7828125 0.078125 0.04375
1 0.2828125 0.77890625 0.10390625 0.046875
1 0.26953125 0.72421875 0.08359375 0.02421875
1 0.23359375 0.68515625 0.11953125 0.04609375
1 0.075 0.6125 0.09296875 0.05390625
1 0.08671875 0.75859375 0.17265625 0.05078125
1 0.1125 0.83046875 0.10625 0.05625
1 0.25703125 0.4609375 0.10625 0.07421875
1 0.22109375 0.525 0.103125 0.084375