1 0.2328125 0.8703125 0.1328125 0.12890625
1 0.23984375 0.7015625 0.11015625 0.09375
1 0.5890625 0.8546875 0.1203125 0.12265625
1 0.565625 0.56875 0.090625 0.0859375
1 0.08515625 0.76015625 0.159375 0.13984375
1 0.75859375 0.71015625 0.14609375 0.09453125
1 0.70859375 0.28671875 0.0671875 0.06640625
1 0.08671875 0.59609375 0.1625 0.1171875
1 0.93515625 0.81328125 0.0921875 0.06484375
1 0.775 0.85390625 0.109375 0.09453125
1 0.5796875 0.67109375 0.13828125 0.08671875
1 0.93125 0.68203125 0.13046875 0.115625
1 0.72578125 0.54140625 0.08828125 0.10546875
1 0.43515625 0.76953125 0.0953125 0.0921875
1 0.290625 0.13359375 0.0828125 0.07578125
1 0.4390625 0.2828125 0.11015625 0.08046875
1 0.1078125 0.51171875 0.096875 0.10234375
1 0.59140625 0.23671875 0.12734375 0.0953125
1 0.415625 0.4421875 0.184375 0.06953125
1 0.246875 0.6 0.11640625 0.1015625
1 0.40625 0.67421875 0.1546875 0.09296875
1 0.08828125 0.28828125 0.1765625 0.0984375
1 0.12890625 0.16015625 0.14453125 0.11953125
1 0.4609375 0.13359375 0.1265625 0.1015625
1 0.85703125 0.184375 0.125 0.075