1 0.46171875 0.20234375 0.0921875 0.08203125
1 0.73984375 0.07890625 0.10234375 0.090625
1 0.56875 0.196875 0.06640625 0.07890625
1 0.96484375 0.71953125 0.0703125 0.1109375
1 0.46875 0.31171875 0.07265625 0.07109375
1 0.7328125 0.18671875 0.096875 0.09453125
1 0.840625 0.275 0.10078125 0.07890625
1 0.57421875 0.73984375 0.10546875 0.1046875
1 0.0421875 0.66015625 0.084375 0.08671875
1 0.3578125 0.028125 0.14765625 0.05625
1 0.0484375 0.75 0.05703125 0.0875
1 0.1875 0.44375 0.0703125 0.08359375
1 0.865625 0.1484375 0.084375 0.08828125
1 0.17109375 0.63359375 0.08515625 0.0703125
1 0.83359375 0.7234375 0.11171875 0.1359375
1 0.69140625 0.63046875 0.1046875 0.09609375
1 0.71015625 0.73671875 0.06953125 0.109375
1 0.9625 0.5953125 0.07421875 0.16015625
1 0.834375 0.58359375 0.11875 0.1234375
1 0.9671875 0.475 0.065625 0.090625
1 0.83828125 0.478125 0.09296875 0.0921875
1 0.95859375 0.36015625 0.0828125 0.1484375
1 0.84453125 0.353125 0.11953125 0.08984375
1 0.978125 0.14296875 0.04375 0.1171875
1 0.9875 0.04140625 0.02421875 0.0828125
1 0.89375 0.04140625 0.078125 0.0828125
1 0.7015625 0.31953125 0.09375 0.109375
1 0.6984375 0.41171875 0.0859375 0.1125
1 0.684375 0.51875 0.065625 0.12734375
1 0.55859375 0.5421875 0.07890625 0.140625
1 0.5703125 0.31484375 0.11484375 0.14140625
1 0.56328125 0.44296875 0.08359375 0.07421875
1 0.609375 0.07734375 0.10859375 0.13828125
1 0.50859375 0.01796875 0.08671875 0.0359375
1 0.4328125 0.43046875 0.0921875 0.14453125
1 0.43046875 0.59296875 0.10859375 0.1109375
1 0.45859375 0.70546875 0.1078125 0.14140625
1 0.31015625 0.73984375 0.115625 0.12734375
1 0.31015625 0.62578125 0.115625 0.10234375
1 0.31015625 0.51171875 0.0671875 0.08203125
1 0.32421875 0.23984375 0.109375 0.1171875
1 0.3078125 0.3890625 0.07890625 0.1796875
1 0.36171875 0.10625 0.1296875 0.09453125
1 0.20390625 0.11484375 0.1078125 0.14609375
1 0.190625 0.2375 0.09609375 0.11640625
1 0.1046875 0.03515625 0.06953125 0.0703125
1 0.07421875 0.14453125 0.11171875 0.10703125
1 0.0734375 0.25859375 0.0921875 0.096875
1 0.05625 0.4625 0.1125 0.12109375
1 0.028125 0.0515625 0.05625 0.103125