1 0.915625 0.59609375 0.16328125 0.11796875
1 0.884375 0.671875 0.17734375 0.08125
1 0.92265625 0.7875 0.1140625 0.0765625
1 0.846875 0.184375 0.21171875 0.1515625
1 0.8921875 0.29296875 0.13359375 0.0828125
1 0.4015625 0.20078125 0.12421875 0.08125
1 0.92734375 0.86484375 0.14453125 0.07578125
1 0.915625 0.95859375 0.13125 0.08046875
1 0.4265625 0.5921875 0.10859375 0.084375
1 0.2015625 0.40390625 0.14296875 0.0890625
1 0.49609375 0.803125 0.08359375 0.06484375
1 0.89140625 0.41875 0.09609375 0.096875
1 0.18671875 0.4859375 0.121875 0.10546875
1 0.38515625 0.365625 0.14453125 0.09453125
1 0.02421875 0.4015625 0.0484375 0.07109375
1 0.68671875 0.92421875 0.16328125 0.1046875
1 0.49765625 0.88046875 0.1390625 0.08125
1 0.31171875 0.85234375 0.15625 0.07578125
1 0.190625 0.1921875 0.13515625 0.1359375
1 0.62578125 0.2875 0.125 0.10703125
1 0.46640625 0.68828125 0.13515625 0.08671875
1 0.48125 0.75234375 0.13046875 0.046875
1 0.42890625 0.53046875 0.1515625 0.06953125
1 0.38671875 0.44765625 0.17578125 0.09296875
1 0.40625 0.28671875 0.06328125 0.0359375
1 0.19921875 0.30625 0.17734375 0.096875
1 0.2109375 0.5671875 0.08671875 0.0625
1 0.24375 0.640625 0.06953125 0.08125
1 0.2640625 0.6984375 0.121875 0.078125
1 0.30859375 0.7703125 0.13984375 0.0796875
1 0.103125 0.85234375 0.18515625 0.090625
1 0.090625 0.78828125 0.140625 0.06328125
1 0.0703125 0.73671875 0.09921875 0.0640625
1 0.0671875 0.6734375 0.134375 0.071875
1 0.0640625 0.60234375 0.128125 0.08125
1 0.03046875 0.47265625 0.06015625 0.0671875
1 0.01953125 0.3359375 0.0390625 0.07578125
1 0.6421875 0.18671875 0.08359375 0.0515625
1 0.61171875 0.13125 0.0390625 0.07734375
1 0.6453125 0.375 0.175 0.1109375
1 0.63984375 0.46015625 0.16953125 0.11640625
1 0.64140625 0.57421875 0.18359375 0.13671875
1 0.67109375 0.67890625 0.196875 0.1203125
1 0.7 0.790625 0.18984375 0.15234375