1 0.95703125 0.58359375 0.084375 0.07890625
1 0.46171875 0.2453125 0.096875 0.08671875
1 0.48671875 0.34140625 0.1 0.06328125
1 0.7078125 0.83515625 0.11484375 0.103125
1 0.73671875 0.30234375 0.0984375 0.08515625
1 0.2671875 0.2578125 0.08984375 0.0671875
1 0.9328125 0.2609375 0.09375 0.08359375
1 0.7328125 0.53203125 0.09765625 0.09609375
1 0.91484375 0.821875 0.16953125 0.09765625
1 0.96640625 0.69296875 0.0671875 0.12109375
1 0.7640625 0.7265625 0.1890625 0.08125
1 0.7453125 0.61484375 0.14140625 0.1
1 0.753125 0.4125 0.14453125 0.06328125
1 0.95390625 0.4453125 0.0921875 0.09296875
1 0.91640625 0.3421875 0.16640625 0.05859375
1 0.89140625 0.17421875 0.1328125 0.05859375
1 0.70546875 0.20625 0.09921875 0.07109375
1 0.65 0.14609375 0.1109375 0.06015625
1 0.88828125 0.090625 0.10078125 0.06796875
1 0.70859375 0.05390625 0.11875 0.05546875
1 0.48984375 0.16796875 0.12578125 0.07421875
1 0.4421875 0.09609375 0.121875 0.084375
1 0.26796875 0.09296875 0.0890625 0.07265625
1 0.26875 0.18671875 0.10078125 0.0546875
1 0.31484375 0.33359375 0.0984375 0.08125
1 0.28203125 0.42890625 0.14296875 0.0734375
1 0.49453125 0.51875 0.121875 0.06328125
1 0.52421875 0.40390625 0.15 0.06015625
1 0.51015625 0.59375 0.08125 0.109375
1 0.54375 0.7171875 0.1953125 0.0546875
1 0.503125 0.790625 0.0890625 0.1078125
1 0.26640625 0.81328125 0.1484375 0.06875
1 0.284375 0.7203125 0.1125 0.121875
1 0.0296875 0.6875 0.05859375 0.10625
1 0.278125 0.53125 0.14609375 0.07421875
1 0.1171875 0.4875 0.08125 0.0671875
1 0.05546875 0.59765625 0.08828125 0.08359375
1 0.0765625 0.38828125 0.08671875 0.05546875
1 0.14140625 0.28671875 0.14453125 0.06015625
1 0.08359375 0.2 0.08515625 0.07578125
1 0.05234375 0.09609375 0.078125 0.05546875