2 0.73515625 0.690625 0.096875 0.0640625
2 0.8984375 0.66640625 0.12578125 0.08046875
2 0.81328125 0.6296875 0.09921875 0.053125
2 0.76953125 0.35 0.0875 0.05390625
2 0.63359375 0.478125 0.071875 0.05703125
2 0.09609375 0.8625 0.06640625 0.0484375
2 0.68203125 0.39609375 0.10859375 0.07109375
2 0.28828125 0.74375 0.07578125 0.06875
2 0.32421875 0.12265625 0.078125 0.0734375
2 0.39609375 0.0453125 0.09140625 0.0828125
2 0.1546875 0.059375 0.06640625 0.06953125
2 0.05859375 0.14375 0.096875 0.06015625
2 0.22734375 0.36328125 0.0828125 0.06875
2 0.20234375 0.48359375 0.09296875 0.059375
2 0.10234375 0.54609375 0.0796875 0.0578125
2 0.0859375 0.63046875 0.07265625 0.0703125
2 0.33828125 0.65234375 0.0703125 0.0796875
2 0.61015625 0.57734375 0.0875 0.06875
2 0.4 0.471875 0.071875 0.0765625
2 0.740625 0.778125 0.078125 0.07265625
2 0.0828125 0.72265625 0.09453125 0.0765625
2 0.5421875 0.24609375 0.0890625 0.08515625
2 0.78203125 0.26328125 0.09296875 0.07578125
2 0.77109375 0.19296875 0.0984375 0.08359375
2 0.83203125 0.1359375 0.07421875 0.06328125
2 0.2609375 0.27578125 0.08125 0.06484375
2 0.4890625 0.33203125 0.090625 0.0515625
2 0.0375 0.38359375 0.075 0.0890625
2 0.85625 0.5078125 0.053125 0.04453125
2 0.91171875 0.4125 0.0453125 0.05546875