1 0.61171875 0.25703125 0.221875 0.115625
1 0.29765625 0.2640625 0.121875 0.12578125
1 0.25390625 0.40625 0.13671875 0.15859375
1 0.57109375 0.3640625 0.1328125 0.0859375
1 0.5171875 0.46640625 0.1109375 0.1203125
1 0.47109375 0.546875 0.159375 0.078125
1 0.45 0.61484375 0.14453125 0.05
1 0.42890625 0.6765625 0.0875 0.090625
1 0.3421875 0.79375 0.1265625 0.103125
1 0.34765625 0.94140625 0.1390625 0.10546875
1 0.1375 0.95078125 0.09453125 0.0625
1 0.1375 0.81953125 0.1703125 0.14296875
1 0.17734375 0.709375 0.0921875 0.07734375
1 0.19140625 0.62578125 0.12578125 0.10390625
1 0.03515625 0.33359375 0.0703125 0.1015625
1 0.02109375 0.49921875 0.04140625 0.13046875
1 0.028125 0.625 0.05625 0.125
1 0.025 0.71796875 0.05 0.0578125
1 0.615625 0.921875 0.13046875 0.10859375
1 0.60546875 0.815625 0.0796875 0.0875
1 0.6421875 0.75546875 0.09140625 0.065625
1 0.63984375 0.66640625 0.12421875 0.12421875
1 0.74140625 0.5890625 0.071875 0.07890625
1 0.73359375 0.5125 0.096875 0.0921875
1 0.78984375 0.43046875 0.10859375 0.075
1 0.8375 0.35859375 0.10859375 0.0640625
1 0.85703125 0.2796875 0.10546875 0.0765625
1 0.8765625 0.20078125 0.096875 0.071875
1 0.96796875 0.521875 0.06328125 0.0875
1 0.93671875 0.61640625 0.11484375 0.05625
1 0.9375 0.70234375 0.11875 0.08203125
1 0.85234375 0.88515625 0.13046875 0.071875
1 0.9109375 0.7796875 0.1046875 0.06875