1 0.7875 0.7234375 0.10078125 0.08046875
1 0.96796875 0.7421875 0.0640625 0.075
1 0.58515625 0.70078125 0.0796875 0.090625
1 0.978125 0.8546875 0.04296875 0.06640625
1 0.9421875 0.78828125 0.115625 0.03984375
1 0.92734375 0.67578125 0.121875 0.0828125
1 0.9328125 0.6 0.134375 0.06875
1 0.97578125 0.5109375 0.04765625 0.07265625
1 0.9734375 0.38828125 0.05234375 0.0546875
1 0.9734375 0.28671875 0.05234375 0.0953125
1 0.8171875 0.20234375 0.11484375 0.09140625
1 0.52421875 0.2015625 0.178125 0.075
1 0.56875 0.2859375 0.1625 0.084375
1 0.53203125 0.375 0.1203125 0.0890625
1 0.7421875 0.434375 0.07734375 0.1046875
1 0.55 0.50703125 0.140625 0.08203125
1 0.55703125 0.584375 0.1484375 0.090625
1 0.72109375 0.55546875 0.10078125 0.084375
1 0.74609375 0.6265625 0.0984375 0.0890625
1 0.7890625 0.7875 0.1203125 0.06171875
1 0.765625 0.84921875 0.0890625 0.0421875
1 0.60390625 0.88125 0.08046875 0.10078125
1 0.584375 0.76875 0.14296875 0.09765625
1 0.26015625 0.14921875 0.134375 0.115625
1 0.31484375 0.284375 0.08671875 0.0703125
1 0.321875 0.3890625 0.09375 0.08046875
1 0.31484375 0.4890625 0.0890625 0.08046875
1 0.32109375 0.5765625 0.1671875 0.05078125
1 0.41640625 0.68984375 0.11796875 0.05625
1 0.3984375 0.75390625 0.1109375 0.0609375
1 0.38828125 0.81953125 0.084375 0.0765625
1 0.19609375 0.81484375 0.05703125 0.10390625
1 0.215625 0.69609375 0.1015625 0.05234375
1 0.14453125 0.63828125 0.19765625 0.08359375
1 0.0890625 0.5390625 0.14140625 0.075
1 0.05703125 0.40703125 0.11328125 0.08046875
1 0.05703125 0.3078125 0.11328125 0.059375
1 0.0578125 0.19296875 0.08984375 0.17109375