0 0.90546875 0.1796875 0.1890625 0.296875
0 0.91015625 0.696875 0.1796875 0.271875
0 0.1203125 0.13203125 0.23984375 0.26328125
0 0.46484375 0.67578125 0.29765625 0.41875
0 0.1171875 0.47265625 0.23359375 0.4328125
0 0.421875 0.14609375 0.22734375 0.2921875
0 0.44765625 0.409375 0.31875 0.34140625
0 0.1140625 0.65078125 0.228125 0.32421875
0 0.74609375 0.37734375 0.14375 0.29765625
0 0.6765625 0.66796875 0.24609375 0.34296875
0 0.89375 0.428125 0.2125 0.3125
0 0.7296875 0.11640625 0.146875 0.2328125
0 0.97578125 0.03203125 0.04765625 0.06328125