1 0.571875 0.3921875 0.0859375 0.08125
1 0.42109375 0.846875 0.075 0.08359375
1 0.42265625 0.69453125 0.0890625 0.08125
1 0.4734375 0.24609375 0.0765625 0.1078125
1 0.7203125 0.503125 0.08125 0.09765625
1 0.4296875 0.5703125 0.11015625 0.1796875
1 0.43828125 0.46796875 0.07734375 0.07578125
1 0.9828125 0.27265625 0.034375 0.12109375
1 0.253125 0.69296875 0.10078125 0.09921875
1 0.8890625 0.3015625 0.09765625 0.10859375
1 0.9921875 0.16484375 0.015625 0.1078125
1 0.48984375 0.1671875 0.1078125 0.075
1 0.8765625 0.5234375 0.11640625 0.11953125
1 0.56796875 0.62265625 0.0953125 0.096875
1 0.93046875 0.0328125 0.1140625 0.065625
1 0.45859375 0.36328125 0.084375 0.09296875
1 0.78828125 0.0359375 0.1109375 0.071875
1 0.20078125 0.1703125 0.13671875 0.09609375
1 0.16484375 0.2953125 0.10859375 0.075
1 0.71640625 0.61953125 0.12578125 0.11640625
1 0.984375 0.79609375 0.03046875 0.14140625
1 0.8265625 0.90078125 0.13125 0.14375
1 0.853125 0.76640625 0.165625 0.1109375
1 0.70703125 0.7625 0.1109375 0.0953125
1 0.6859375 0.87109375 0.11171875 0.15390625
1 0.86875 0.640625 0.16640625 0.1453125
1 0.96484375 0.3859375 0.0703125 0.128125
1 0.89609375 0.16875 0.14296875 0.15234375
1 0.73046875 0.26171875 0.14453125 0.13515625
1 0.7328125 0.371875 0.17265625 0.15
1 0.6546875 0.053125 0.1015625 0.10390625
1 0.62421875 0.1375 0.07578125 0.10390625
1 0.59609375 0.25859375 0.1328125 0.15546875
1 0.51875 0.0640625 0.1109375 0.10546875
1 0.28125 0.565625 0.13515625 0.1328125
1 0.284375 0.81015625 0.12109375 0.13125
1 0.27734375 0.40859375 0.0921875 0.18671875
1 0.33046875 0.2859375 0.11484375 0.1796875
1 0.34609375 0.10703125 0.109375 0.15
1 0.4140625 0.009375 0.140625 0.01796875
1 0.2625 0.046875 0.13671875 0.09375
1 0.1234375 0.4078125 0.1171875 0.08125
1 0.13359375 0.540625 0.0796875 0.15234375
1 0.1125 0.66953125 0.134375 0.096875
1 0.11640625 0.79296875 0.1265625 0.1484375
1 0.009375 0.64609375 0.01875 0.13671875
1 0.01796875 0.5296875 0.0359375 0.115625
1 0.025 0.4296875 0.05 0.10703125
1 0.028125 0.3171875 0.05625 0.13125
1 0.0421875 0.196875 0.084375 0.1125
1 0.071875 0.06875 0.14296875 0.1265625
1 0.56875 0.5046875 0.15390625 0.115625
1 0.5578125 0.753125 0.1078125 0.08671875
1 0.5375 0.86640625 0.09140625 0.14375