2 0.39921875 0.2109375 0.09609375 0.06640625
2 0.25390625 0.4796875 0.10234375 0.06171875
2 0.28203125 0.57265625 0.1109375 0.059375
2 0.51796875 0.634375 0.16953125 0.06171875
2 0.790625 0.78125 0.1328125 0.0765625
2 0.2125 0.16171875 0.0859375 0.05546875
2 0.390625 0.709375 0.0953125 0.05390625
2 0.846875 0.18203125 0.128125 0.078125
2 0.95078125 0.503125 0.0984375 0.0671875
2 0.9796875 0.78125 0.040625 0.0609375
2 0.60859375 0.1953125 0.0921875 0.0671875
2 0.584375 0.565625 0.096875 0.04453125
2 0.446875 0.32890625 0.109375 0.0765625
2 0.29140625 0.67421875 0.128125 0.08515625
2 0.16015625 0.95078125 0.071875 0.0546875
2 0.484375 0.5359375 0.10859375 0.07265625
2 0.03515625 0.41875 0.0703125 0.08828125
2 0.475 0.41328125 0.16015625 0.06640625
2 0.9359375 0.73671875 0.09140625 0.03828125
2 0.6828125 0.4046875 0.109375 0.06171875
2 0.51484375 0.6421875 0.10625 0.040625
2 0.5609375 0.77890625 0.1796875 0.09765625
2 0.08515625 0.796875 0.1625 0.0875
2 0.75 0.6578125 0.146875 0.10234375
2 0.06015625 0.66640625 0.09921875 0.09140625
2 0.24375 0.3640625 0.0765625 0.1046875
2 0.203125 0.24921875 0.0828125 0.1015625
2 0.0296875 0.28828125 0.059375 0.09609375
2 0.584375 0.12109375 0.09921875 0.0890625
2 0.63046875 0.2828125 0.10703125 0.084375
2 0.85546875 0.29453125 0.09375 0.05234375
2 0.88671875 0.39140625 0.0875 0.08671875
2 0.71328125 0.53671875 0.090625 0.0953125
2 0.04453125 0.1265625 0.08828125 0.096875