1 0.89765625 0.38828125 0.1671875 0.1203125
1 0.865625 0.3109375 0.18125 0.0828125
1 0.9046875 0.1921875 0.11640625 0.078125
1 0.8265625 0.81015625 0.21640625 0.15546875
1 0.87265625 0.6984375 0.13671875 0.08515625
1 0.37109375 0.79296875 0.12734375 0.08359375
1 0.91171875 0.11328125 0.153125 0.07734375
1 0.8984375 0.02890625 0.134375 0.0578125
1 0.396875 0.3921875 0.1109375 0.08671875
1 0.16640625 0.584375 0.14609375 0.090625
1 0.4671875 0.1765625 0.0859375 0.06640625
1 0.87265625 0.56953125 0.09765625 0.09921875
1 0.15078125 0.5015625 0.125 0.10859375
1 0.3546875 0.62421875 0.14765625 0.09609375
1 0.66328125 0.053125 0.1671875 0.10625
1 0.46953125 0.096875 0.1421875 0.0828125
1 0.2796875 0.1265625 0.16015625 0.07734375
1 0.1546875 0.8015625 0.13828125 0.1390625
1 0.60078125 0.70390625 0.128125 0.109375
1 0.4375 0.29375 0.13828125 0.0890625
1 0.45234375 0.228125 0.13359375 0.0484375
1 0.3984375 0.45546875 0.15546875 0.071875
1 0.35625 0.53984375 0.1796875 0.09453125
1 0.37578125 0.7046875 0.06484375 0.03671875
1 0.1640625 0.68515625 0.18125 0.09921875
1 0.1765625 0.41796875 0.0890625 0.0640625
1 0.209375 0.34296875 0.07109375 0.0828125
1 0.23046875 0.28359375 0.12421875 0.08046875
1 0.27578125 0.21015625 0.14296875 0.08125
1 0.08046875 0.12578125 0.1609375 0.09296875
1 0.06328125 0.190625 0.1265625 0.065625
1 0.04140625 0.24375 0.0828125 0.06484375
1 0.0484375 0.309375 0.096875 0.07421875
1 0.04609375 0.38203125 0.09140625 0.08359375
1 0.0109375 0.51484375 0.021875 0.06875
1 0.61796875 0.8078125 0.0859375 0.053125
1 0.58671875 0.8640625 0.040625 0.07890625
1 0.6203125 0.61484375 0.17890625 0.1140625
1 0.61484375 0.528125 0.1734375 0.11875
1 0.6171875 0.41015625 0.18828125 0.13984375
1 0.646875 0.30390625 0.2015625 0.12265625
1 0.67734375 0.1890625 0.19453125 0.15625