1 0.4875 0.24765625 0.08125 0.06484375
1 0.30625 0.31953125 0.0828125 0.08984375
1 0.86328125 0.28984375 0.11484375 0.0890625
1 0.6890625 0.23671875 0.0953125 0.06640625
1 0.4859375 0.3265625 0.109375 0.0765625
1 0.53125 0.49921875 0.11015625 0.1140625
1 0.02890625 0.1 0.05703125 0.065625
1 0.04765625 0.1671875 0.09453125 0.06171875
1 0.00625 0.26171875 0.0125 0.04140625
1 0.1390625 0.146875 0.06875 0.0546875
1 0.15 0.2140625 0.1125 0.08046875
1 0.1546875 0.284375 0.0984375 0.0703125
1 0.140625 0.3515625 0.08671875 0.07421875
1 0.090625 0.465625 0.10390625 0.05390625
1 0.08359375 0.62734375 0.1671875 0.075
1 0.31484375 0.60546875 0.17421875 0.10703125
1 0.30234375 0.69765625 0.1546875 0.09765625
1 0.3 0.7953125 0.1453125 0.07578125
1 0.51484375 0.8375 0.15546875 0.109375
1 0.6953125 0.83046875 0.14609375 0.1203125
1 0.5390625 0.7203125 0.11953125 0.05703125
1 0.6828125 0.73515625 0.08515625 0.06640625
1 0.3296875 0.47109375 0.1109375 0.0859375
1 0.32421875 0.4 0.16953125 0.04609375
1 0.51171875 0.40546875 0.09609375 0.0609375
1 0.46171875 0.14375 0.10546875 0.08671875
1 0.659375 0.1546875 0.125 0.08125
1 0.69453125 0.31328125 0.1109375 0.0671875
1 0.7109375 0.4265625 0.09375 0.05546875
1 0.69609375 0.52265625 0.12890625 0.0796875
1 0.73203125 0.615625 0.1125 0.125
1 0.91015625 0.771875 0.12421875 0.096875
1 0.903125 0.83671875 0.1390625 0.096875
1 0.934375 0.6515625 0.0875 0.109375
1 0.9078125 0.52109375 0.16640625 0.1078125
1 0.87265625 0.3796875 0.12890625 0.0671875
1 0.84453125 0.2125 0.13203125 0.0546875
1 0.83046875 0.15 0.14765625 0.05390625
1 0.9765625 0.17578125 0.046875 0.0734375