1 0.39140625 0.0921875 0.10859375 0.1125
1 0.03671875 0.31875 0.0734375 0.096875
1 0.0359375 0.24453125 0.071875 0.0921875
1 0.23203125 0.14453125 0.07578125 0.09296875
1 0.09609375 0.1921875 0.0703125 0.12265625
1 0.140625 0.29296875 0.06875 0.09140625
1 0.24453125 0.2640625 0.0921875 0.1109375
1 0.05234375 0.45703125 0.1046875 0.13203125
1 0.00859375 0.54921875 0.01640625 0.09921875
1 0.3953125 0.3 0.096875 0.1046875
1 0.41015625 0.21015625 0.096875 0.1046875
1 0.18125 0.49453125 0.0953125 0.1046875
1 0.17734375 0.39140625 0.0640625 0.08515625
1 0.2390625 0.39609375 0.05546875 0.09140625
1 0.10234375 0.5875 0.109375 0.08515625
1 0.296875 0.43671875 0.053125 0.05078125
1 0.3046875 0.51953125 0.040625 0.08828125
1 0.20234375 0.58515625 0.0609375 0.09296875
1 0.24609375 0.690625 0.040625 0.05625
1 0.3234375 0.6921875 0.0453125 0.11953125
1 0.36328125 0.80390625 0.046875 0.07890625
1 0.3609375 0.90703125 0.075 0.09296875
1 0.26015625 0.8953125 0.078125 0.10390625
1 0.16875 0.85234375 0.0359375 0.06328125
1 0.0796875 0.88671875 0.04296875 0.10625
1 0.01015625 0.8890625 0.0203125 0.065625
1 0.04765625 0.79140625 0.071875 0.09609375
1 0.4765625 0.9 0.05625 0.05390625
1 0.46953125 0.8484375 0.04765625 0.03828125
1 0.46171875 0.7875 0.04296875 0.03984375
1 0.4625 0.73359375 0.07265625 0.06171875
1 0.4328125 0.63125 0.0359375 0.06171875
1 0.43359375 0.68125 0.05546875 0.0484375
1 0.4296875 0.5390625 0.02734375 0.040625
1 0.40390625 0.48359375 0.03515625 0.06171875
1 0.48125 0.6015625 0.046875 0.053125
1 0.53125 0.55390625 0.04765625 0.05
1 0.4984375 0.16015625 0.06875 0.1109375
1 0.1578125 0.78515625 0.05546875 0.05078125
1 0.128125 0.68359375 0.0734375 0.13828125
1 0.0421875 0.71015625 0.03671875 0.05859375
1 0.2609375 0.796875 0.01953125 0.04921875
1 0.2515625 0.73828125 0.0328125 0.04609375
1 0.3734375 0.86484375 0.03828125 0.07109375
1 0.3234375 0.57421875 0.03828125 0.05078125
1 0.30234375 0.36328125 0.04609375 0.0625
1 0.3953125 0.38046875 0.0375 0.06484375
1 0.50546875 0.24140625 0.04609375 0.0765625
1 0.50234375 0.29609375 0.0578125 0.040625
1 0.52265625 0.41484375 0.04296875 0.09140625
1 0.52421875 0.49296875 0.059375 0.046875
1 0.5375 0.6390625 0.03984375 0.08359375
1 0.54921875 0.76171875 0.0484375 0.0734375
1 0.5421875 0.69296875 0.0359375 0.06171875
1 0.55703125 0.8859375 0.05 0.10234375
1 0.62734375 0.94375 0.0453125 0.06796875
1 0.6359375 0.8734375 0.03125 0.06796875
1 0.625 0.803125 0.04296875 0.06875
1 0.62109375 0.66015625 0.05546875 0.07578125
1 0.6265625 0.7390625 0.053125 0.05859375
1 0.63203125 0.5796875 0.03828125 0.0578125
1 0.63359375 0.50546875 0.0515625 0.06171875
1 0.61875 0.42109375 0.02890625 0.04765625
1 0.63125 0.33359375 0.05078125 0.06875
1 0.63828125 0.18125 0.05625 0.07265625
1 0.6453125 0.278125 0.03984375 0.06484375
1 0.76015625 0.175 0.07734375 0.10859375
1 0.75390625 0.26328125 0.0859375 0.09609375
1 0.78125 0.346875 0.07421875 0.0984375
1 0.7359375 0.43984375 0.08046875 0.08515625
1 0.76640625 0.49765625 0.0484375 0.06171875
1 0.7578125 0.59296875 0.1109375 0.08984375
1 0.7578125 0.65390625 0.04453125 0.05
1 0.74140625 0.80625 0.04453125 0.0765625
1 0.72734375 0.884375 0.0515625 0.0640625
1 0.75078125 0.94609375 0.075 0.0734375
1 0.834375 0.96171875 0.04765625 0.0578125
1 0.84453125 0.88984375 0.02109375 0.05546875
1 0.83984375 0.84453125 0.065625 0.078125
1 0.85078125 0.75546875 0.0578125 0.05
1 0.8625 0.69140625 0.02734375 0.07578125
1 0.86953125 0.628125 0.03203125 0.06484375
1 0.82890625 0.62265625 0.04921875 0.075
1 0.87421875 0.5375 0.04140625 0.07109375
1 0.90078125 0.4765625 0.06640625 0.08203125
1 0.88515625 0.40390625 0.03203125 0.0734375
1 0.9109375 0.32734375 0.04140625 0.115625
1 0.896875 0.23515625 0.0515625 0.0984375
1 0.91484375 0.1140625 0.0484375 0.0546875
1 0.990625 0.20703125 0.01875 0.06484375
1 0.99453125 0.309375 0.01015625 0.04921875
1 0.97734375 0.38125 0.0453125 0.046875
1 0.9796875 0.45 0.040625 0.06953125
1 0.97734375 0.5609375 0.0453125 0.065625
1 0.96953125 0.62109375 0.0609375 0.09765625
1 0.96796875 0.70703125 0.0609375 0.0609375
1 0.953125 0.7578125 0.03671875 0.04375
1 0.94140625 0.83671875 0.06171875 0.0625
1 0.9359375 0.9109375 0.075 0.0671875
1 0.91328125 0.96015625 0.06171875 0.0796875