1 0.2078125 0.05234375 0.075 0.0671875
1 0.3421875 0.05078125 0.0875 0.08203125
1 0.4484375 0.04765625 0.0828125 0.06015625
1 0.5671875 0.05390625 0.11484375 0.065625
1 0.6921875 0.059375 0.13203125 0.06484375
1 0.83515625 0.05703125 0.12421875 0.0578125
1 0.96328125 0.075 0.0734375 0.075
1 0.978125 0.1984375 0.04296875 0.03359375
1 0.85 0.1890625 0.12890625 0.06328125
1 0.6953125 0.1734375 0.05234375 0.0578125
1 0.5984375 0.18984375 0.12265625 0.06953125
1 0.45390625 0.153125 0.090625 0.06796875
1 0.3078125 0.16953125 0.140625 0.0703125
1 0.19375 0.18125 0.0625 0.034375
1 0.196875 0.31796875 0.0625 0.034375
1 0.4296875 0.32109375 0.090625 0.0296875
1 0.53046875 0.31171875 0.04140625 0.06484375
1 0.60078125 0.303125 0.04140625 0.040625
1 0.67421875 0.32421875 0.0625 0.0359375
1 0.77734375 0.3078125 0.078125 0.06796875
1 0.86953125 0.31328125 0.0734375 0.06015625
1 0.9640625 0.32421875 0.06875 0.05078125
1 0.91796875 0.4421875 0.071875 0.06015625
1 0.8078125 0.440625 0.05390625 0.046875
1 0.87734375 0.41015625 0.015625 0.003125
1 0.68984375 0.44609375 0.075 0.05625
1 0.59375 0.440625 0.09765625 0.03828125
1 0.4421875 0.45703125 0.0828125 0.04609375
1 0.2953125 0.484375 0.0640625 0.0609375
1 0.1703125 0.465625 0.0640625 0.05859375
1 0.29765625 0.328125 0.05390625 0.0484375
1 0.09609375 0.58359375 0.06875 0.07265625
1 0.21171875 0.5875 0.05546875 0.0484375
1 0.32109375 0.5484375 0.059375 0.04921875
1 0.46328125 0.58125 0.04765625 0.040625
1 0.565625 0.57734375 0.078125 0.065625
1 0.6921875 0.57734375 0.0890625 0.07265625
1 0.81171875 0.5375 0.0640625 0.06015625
1 0.93515625 0.55703125 0.084375 0.0671875
1 0.9125 0.66953125 0.11953125 0.0515625
1 0.8 0.678125 0.09609375 0.05546875
1 0.7015625 0.68203125 0.03671875 0.06328125
1 0.5453125 0.6953125 0.0890625 0.0515625
1 0.41640625 0.7046875 0.0828125 0.0828125
1 0.29140625 0.72265625 0.10546875 0.09140625
1 0.13984375 0.72734375 0.05390625 0.03828125
1 0.96015625 0.765625 0.0578125 0.03359375
1 0.8625 0.7875 0.04765625 0.0515625
1 0.75859375 0.8 0.04140625 0.06796875
1 0.63046875 0.8015625 0.09921875 0.04375
1 0.4890625 0.79296875 0.071875 0.08203125
1 0.38203125 0.825 0.090625 0.05859375
1 0.1859375 0.86015625 0.1578125 0.07265625
1 0.234375 0.84765625 0.10703125 0.0390625
1 0.18359375 0.98203125 0.18359375 0.0359375
1 0.38984375 0.97421875 0.090625 0.0515625
1 0.5125 0.9609375 0.09609375 0.0484375
1 0.63671875 0.9375 0.12265625 0.0921875
1 0.77265625 0.909375 0.0875 0.0609375
1 0.86875 0.90390625 0.05078125 0.06484375
1 0.95390625 0.884375 0.0921875 0.0515625
1 0.84453125 0.99375 0.10546875 0.0125
1 0.93984375 0.9921875 0.1046875 0.015625