2 0.47109375 0.47734375 0.11875 0.0984375
2 0.93203125 0.7515625 0.1359375 0.08203125
2 0.78515625 0.384375 0.10703125 0.07265625
2 0.3546875 0.72109375 0.121875 0.06875
2 0.56640625 0.33046875 0.1125 0.08203125
2 0.56796875 0.80546875 0.15703125 0.096875
2 0.95859375 0.33984375 0.0828125 0.0546875
2 0.7203125 0.2875 0.13515625 0.0859375
2 0.31328125 0.5578125 0.09921875 0.08046875
2 0.98046875 0.140625 0.0390625 0.07421875
2 0.19453125 0.615625 0.115625 0.0625
2 0.365625 0.31640625 0.128125 0.1234375
2 0.6625 0.45234375 0.11171875 0.0890625
2 0.6765625 0.09921875 0.14296875 0.09921875
2 0.8828125 0.0796875 0.175 0.1125
2 0.903125 0.27109375 0.078125 0.09765625
2 0.7234375 0.59296875 0.1859375 0.084375
2 0.39296875 0.975 0.12578125 0.04921875
2 0.5875 0.9578125 0.125 0.08359375
2 0.1921875 0.8671875 0.18125 0.0890625
2 0.0984375 0.45234375 0.11015625 0.09296875
2 0.13515625 0.203125 0.11015625 0.09453125
2 0.2421875 0.05625 0.121875 0.1125
2 0.49453125 0.15 0.1296875 0.10859375
2 0.95546875 0.52578125 0.08828125 0.10390625