1 0.86171875 0.334375 0.09921875 0.0890625
1 0.14765625 0.29765625 0.0953125 0.09921875
1 0.1375 0.39609375 0.09765625 0.10078125
1 0.7375 0.640625 0.0921875 0.1109375
1 0.496875 0.1375 0.07265625 0.05859375
1 0.4796875 0.39296875 0.084375 0.0828125
1 0.95390625 0.44375 0.0921875 0.0921875
1 0.8640625 0.17265625 0.075 0.07890625
1 0.025 0.49765625 0.05 0.1046875
1 0.7484375 0.07109375 0.084375 0.090625
1 0.49453125 0.2046875 0.1015625 0.08828125
1 0.36484375 0.4296875 0.1 0.0984375
1 0.1359375 0.71953125 0.1015625 0.09609375
1 0.38828125 0.3171875 0.084375 0.0828125
1 0.48984375 0.29609375 0.06640625 0.08984375
1 0.2703125 0.14375 0.08046875 0.08046875
1 0.3875 0.2296875 0.07265625 0.07734375
1 0.11328125 0.51015625 0.12109375 0.12578125
1 0.73203125 0.3109375 0.09140625 0.08046875
1 0.11875 0.61484375 0.0859375 0.08515625
1 0.02578125 0.396875 0.05078125 0.08671875
1 0.0359375 0.2890625 0.0515625 0.10078125
1 0.0375 0.215625 0.071875 0.0875
1 0.075 0.1703125 0.0015625 0.0046875
1 0.07421875 0.14140625 0.05 0.05078125
1 0.1515625 0.215625 0.04609375 0.071875
1 0.1265625 0.81796875 0.08984375 0.10703125
1 0.125 0.94296875 0.11953125 0.11328125
1 0.021875 0.85859375 0.04375 0.14375
1 0.03671875 0.9546875 0.0734375 0.090625
1 0.25078125 0.96328125 0.04140625 0.046875
1 0.25390625 0.853125 0.06875 0.12109375
1 0.24921875 0.765625 0.11171875 0.14609375
1 0.246875 0.6578125 0.04609375 0.0671875
1 0.2359375 0.54609375 0.06015625 0.0703125
1 0.26640625 0.45234375 0.0609375 0.053125
1 0.25703125 0.37890625 0.06171875 0.08984375
1 0.2671875 0.3015625 0.0609375 0.04453125
1 0.278125 0.22578125 0.05 0.053125
1 0.38125 0.13125 0.059375 0.053125
1 0.36640625 0.515625 0.11171875 0.0765625
1 0.37109375 0.6078125 0.0953125 0.1078125
1 0.46796875 0.6203125 0.07890625 0.08203125
1 0.475 0.48828125 0.0859375 0.109375
1 0.471875 0.85546875 0.04765625 0.0859375
1 0.49453125 0.946875 0.07890625 0.10625
1 0.36875 0.95234375 0.08359375 0.09453125
1 0.3734375 0.85234375 0.115625 0.1
1 0.3625 0.746875 0.07578125 0.075
1 0.61171875 0.25859375 0.1171875 0.0875
1 0.5984375 0.33671875 0.0421875 0.06015625
1 0.590625 0.41875 0.1 0.09453125
1 0.6046875 0.51875 0.1046875 0.15234375
1 0.61328125 0.6421875 0.11015625 0.15703125
1 0.63828125 0.75 0.08984375 0.11953125
1 0.64765625 0.85859375 0.0859375 0.103125
1 0.64375 0.9421875 0.0953125 0.08828125
1 0.78203125 0.87265625 0.1484375 0.1796875
1 0.93828125 0.896875 0.096875 0.1578125
1 0.89296875 0.7640625 0.10546875 0.13671875
1 0.9671875 0.7265625 0.065625 0.1140625
1 0.76796875 0.740625 0.0875 0.0953125
1 0.86015625 0.52109375 0.07578125 0.08359375
1 0.71875 0.49609375 0.090625 0.12109375
1 0.71171875 0.4 0.096875 0.09921875
1 0.9546875 0.34375 0.08671875 0.07890625
1 0.95390625 0.25625 0.07734375 0.0984375
1 0.946875 0.17734375 0.08984375 0.09375
1 0.73984375 0.19921875 0.065625 0.12421875