1 0.60390625 0.5390625 0.103125 0.1265625
1 0.71875 0.4578125 0.07734375 0.0921875
1 0.13359375 0.43359375 0.10546875 0.09375
1 0.7078125 0.59765625 0.08828125 0.103125
1 0.09765625 0.22578125 0.0875 0.0984375
1 0.60859375 0.63203125 0.096875 0.06875
1 0.71171875 0.38359375 0.08359375 0.07890625
1 0.58515625 0.7359375 0.0953125 0.090625
1 0.58046875 0.728125 0.09375 0.084375
1 0.3828125 0.8484375 0.084375 0.103125
1 0.4984375 0.49140625 0.08828125 0.09453125
1 0.4828125 0.93359375 0.078125 0.09453125
1 0.5890625 0.32421875 0.11015625 0.140625
1 0.27734375 0.78671875 0.0984375 0.1046875
1 0.028125 0.4375 0.05546875 0.11484375
1 0.503125 0.5796875 0.0609375 0.0609375
1 0.07265625 0.8203125 0.10234375 0.10546875
1 0.390625 0.5484375 0.08125 0.08046875
1 0.378125 0.3546875 0.10546875 0.12265625
1 0.26015625 0.48671875 0.1140625 0.12421875
1 0.5765625 0.11953125 0.08515625 0.11484375
1 0.71484375 0.2625 0.0765625 0.14296875
1 0.709375 0.703125 0.08515625 0.10078125
1 0.69765625 0.775 0.09375 0.05546875
1 0.69375 0.91640625 0.05859375 0.11171875
1 0.58671875 0.9140625 0.08359375 0.06328125
1 0.59765625 0.80859375 0.0578125 0.059375
1 0.47109375 0.1390625 0.07265625 0.128125
1 0.46875 0.246875 0.07109375 0.08828125
1 0.35078125 0.13984375 0.121875 0.21640625
1 0.3578125 0.28125 0.09609375 0.11171875
1 0.3890625 0.64765625 0.06640625 0.09296875
1 0.50546875 0.66875 0.08359375 0.0765625
1 0.48359375 0.75234375 0.0421875 0.0515625
1 0.4890625 0.825 0.06953125 0.040625
1 0.25859375 0.965625 0.1015625 0.06875
1 0.265625 0.89609375 0.09375 0.0875
1 0.28125 0.67109375 0.075 0.0734375
1 0.28984375 0.57890625 0.084375 0.065625
1 0.26328125 0.35703125 0.05625 0.0671875
1 0.2171875 0.27265625 0.11953125 0.10703125
1 0.10546875 0.33125 0.06953125 0.0890625
1 0.16796875 0.65546875 0.08359375 0.11875
1 0.17265625 0.7484375 0.04296875 0.06484375
1 0.15859375 0.96015625 0.09765625 0.0796875
1 0.0765625 0.9234375 0.06015625 0.075
1 0.07890625 0.97421875 0.08359375 0.05078125
1 0.05234375 0.59375 0.09296875 0.17890625
1 0.0546875 0.74375 0.08359375 0.10390625
1 0.371875 0.94765625 0.075 0.06953125