0 0.79453125 0.8578125 0.4109375 0.284375
0 0.4546875 0.9015625 0.31875 0.196875
0 0.15 0.8796875 0.28671875 0.23984375
0 0.390625 0.6921875 0.3453125 0.29140625
0 0.7734375 0.56953125 0.41328125 0.28203125
0 0.75390625 0.34765625 0.2765625 0.25
0 0.1234375 0.63046875 0.246875 0.2421875
0 0.14296875 0.36796875 0.2859375 0.2921875
0 0.46875 0.38203125 0.28671875 0.23984375
0 0.90546875 0.10546875 0.1890625 0.20625
0 0.61875 0.09765625 0.234375 0.1765625
0 0.3828125 0.103125 0.2640625 0.20625
0 0.13828125 0.10625 0.2765625 0.203125