1 0.1390625 0.228125 0.0734375 0.06484375
1 0.13046875 0.925 0.109375 0.1359375
1 0.25234375 0.22578125 0.0828125 0.0765625
1 0.9765625 0.5234375 0.046875 0.1125
1 0.3828125 0.384375 0.0984375 0.08359375
1 0.84609375 0.35078125 0.09453125 0.0953125
1 0.925 0.81796875 0.1015625 0.0859375
1 0.40859375 0.98046875 0.090625 0.03828125
1 0.15703125 0.30703125 0.0890625 0.07421875
1 0.03984375 0.259375 0.07890625 0.08671875
1 0.28671875 0.559375 0.09453125 0.09921875
1 0.27109375 0.3828125 0.10859375 0.11171875
1 0.16484375 0.453125 0.0953125 0.10234375
1 0.49140625 0.27890625 0.07265625 0.07890625
1 0.925 0.2078125 0.078125 0.0671875
1 0.0421875 0.34296875 0.0734375 0.05625
1 0.0328125 0.39921875 0.06484375 0.0875
1 0.025 0.47421875 0.05 0.08515625
1 0.03984375 0.58984375 0.0796875 0.075
1 0.03984375 0.784375 0.0609375 0.08046875
1 0.02265625 0.875 0.0453125 0.1296875
1 0.02109375 0.95625 0.0421875 0.0875
1 0.1484375 0.7921875 0.12265625 0.14453125
1 0.16484375 0.6453125 0.10078125 0.12578125
1 0.1671875 0.55234375 0.1 0.0984375
1 0.29765625 0.74296875 0.11328125 0.18046875
1 0.27578125 0.87890625 0.10078125 0.11171875
1 0.26953125 0.96171875 0.1484375 0.07578125
1 0.3984375 0.8625 0.0875 0.1328125
1 0.403125 0.63359375 0.11328125 0.17890625
1 0.3921875 0.4703125 0.0609375 0.0703125
1 0.3765625 0.2984375 0.0765625 0.09140625
1 0.37265625 0.23046875 0.07421875 0.0640625
1 0.49921875 0.2 0.1 0.05859375
1 0.52421875 0.36875 0.0625 0.0671875
1 0.528125 0.55234375 0.1109375 0.12578125
1 0.5171875 0.465625 0.09765625 0.0796875
1 0.5296875 0.65703125 0.13046875 0.1171875
1 0.5203125 0.76640625 0.09609375 0.1015625
1 0.52734375 0.95703125 0.0921875 0.0859375
1 0.6828125 0.9640625 0.09609375 0.071875
1 0.66953125 0.896875 0.103125 0.1046875
1 0.684375 0.8140625 0.075 0.09453125
1 0.65 0.72265625 0.08984375 0.09453125
1 0.67109375 0.621875 0.05078125 0.08203125
1 0.66796875 0.52109375 0.084375 0.09765625
1 0.65546875 0.43125 0.07578125 0.0984375
1 0.63046875 0.33671875 0.07109375 0.09921875
1 0.62109375 0.26640625 0.08125 0.0640625
1 0.709375 0.20078125 0.0734375 0.07734375
1 0.72890625 0.33515625 0.07890625 0.09609375
1 0.74921875 0.41171875 0.0734375 0.0609375
1 0.75703125 0.48359375 0.075 0.06875
1 0.79296875 0.646875 0.10234375 0.10234375
1 0.7765625 0.578125 0.05859375 0.0453125
1 0.81875 0.7453125 0.06015625 0.1
1 0.82421875 0.875 0.08515625 0.0796875
1 0.8046875 0.96171875 0.078125 0.0765625
1 0.921875 0.88046875 0.08515625 0.05625
1 0.921875 0.94765625 0.09765625 0.0953125
1 0.92421875 0.71953125 0.0609375 0.1078125
1 0.903125 0.61953125 0.0671875 0.09609375
1 0.89765625 0.51484375 0.06953125 0.10234375
1 0.86640625 0.428125 0.08359375 0.0984375
1 0.83828125 0.26484375 0.07734375 0.1015625
1 0.83359375 0.19765625 0.0734375 0.08203125
1 0.9875 0.1796875 0.025 0.08359375
1 0.93984375 0.275 0.08359375 0.09453125
1 0.9609375 0.396875 0.078125 0.1375
1 0.98828125 0.65703125 0.0234375 0.1625