1 0.97421875 0.03515625 0.0515625 0.0703125
1 0.28046875 0.57109375 0.1015625 0.10234375
1 0.29453125 0.73359375 0.12109375 0.11171875
1 0.9921875 0.73828125 0.015625 0.10390625
1 0.3359375 0.1484375 0.0875 0.08828125
1 0.984375 0.27109375 0.03125 0.078125
1 0.415625 0.72265625 0.090625 0.08984375
1 0.73125 0.721875 0.090625 0.1125
1 0.20546875 0.125 0.09453125 0.0796875
1 0.89375 0.77890625 0.07578125 0.08359375
1 0.13203125 0.72265625 0.1296875 0.1265625
1 0.44140625 0.62890625 0.103125 0.0859375
1 0.57421875 0.70703125 0.10859375 0.1265625
1 0.7359375 0.5 0.13203125 0.15
1 0.55234375 0.475 0.1421875 0.1765625
1 0.86328125 0.63828125 0.0875 0.07109375
1 0.9859375 0.49765625 0.028125 0.0953125
1 0.96796875 0.39453125 0.0640625 0.1390625
1 0.896875 0.31328125 0.11484375 0.12421875
1 0.8640625 0.1828125 0.12578125 0.109375
1 0.72109375 0.296875 0.11015625 0.1578125
1 0.753125 0.13359375 0.16328125 0.15859375
1 0.5953125 0.13828125 0.153125 0.1265625
1 0.58828125 0.26796875 0.12421875 0.09765625
1 0.57890625 0.36015625 0.11328125 0.08984375
1 0.45859375 0.2984375 0.11953125 0.0890625
1 0.4046875 0.4015625 0.06484375 0.0953125
1 0.4359375 0.4921875 0.05234375 0.0796875
1 0.30390625 0.65546875 0.0765625 0.0734375
1 0.30390625 0.45078125 0.0796875 0.1265625
1 0.29453125 0.2921875 0.1140625 0.16953125
1 0.14765625 0.5875 0.1375 0.12890625
1 0.17109375 0.478125 0.13046875 0.10234375
1 0.184375 0.3640625 0.10234375 0.12109375
1 0.18828125 0.24921875 0.08984375 0.084375
1 0.37578125 0.0390625 0.1296875 0.078125
1 0.6359375 0.046875 0.16015625 0.09375
1 0.0953125 0.04921875 0.10625 0.09765625
1 0.07890625 0.18046875 0.09140625 0.12890625
1 0.02109375 0.01484375 0.0421875 0.0296875
1 0.03984375 0.29375 0.053125 0.0796875
1 0.02578125 0.38828125 0.0515625 0.16015625
1 0.0359375 0.5109375 0.071875 0.13125
1 0.0265625 0.68125 0.053125 0.2125
1 0.48828125 0.08203125 0.08671875 0.10859375
1 0.43359375 0.17421875 0.08984375 0.1265625