1 0.209375 0.79140625 0.09765625 0.0953125
1 0.696875 0.7796875 0.090625 0.0859375
1 0.2515625 0.390625 0.1046875 0.08515625
1 0.03828125 0.7046875 0.0765625 0.11328125
1 0.4875 0.40546875 0.13203125 0.14921875
1 0.48203125 0.490625 0.1015625 0.09140625
1 0.23125 0.69375 0.1078125 0.06015625
1 0.74765625 0.3171875 0.15078125 0.14296875
1 0.93984375 0.321875 0.1203125 0.12578125
1 0.95 0.159375 0.1 0.103125
1 0.6546875 0.1921875 0.23203125 0.075
1 0.43203125 0.18125 0.1265625 0.09765625
1 0.2828125 0.2953125 0.20234375 0.07421875
1 0.22421875 0.2109375 0.1171875 0.12109375
1 0.5265625 0.278125 0.1859375 0.08515625
1 0.7359375 0.44609375 0.14921875 0.0875
1 0.94765625 0.43359375 0.10390625 0.078125
1 0.228125 0.4859375 0.165625 0.07421875
1 0.27109375 0.61875 0.184375 0.05390625
1 0.490625 0.61953125 0.14140625 0.05703125
1 0.76328125 0.5703125 0.18203125 0.13984375
1 0.9359375 0.5515625 0.128125 0.121875
1 0.47734375 0.7296875 0.1171875 0.07421875
1 0.68203125 0.7 0.1640625 0.078125
1 0.93984375 0.678125 0.1203125 0.12109375
1 0.915625 0.784375 0.128125 0.08515625
1 0.44140625 0.8640625 0.16875 0.13203125
1 0.65546875 0.86953125 0.1390625 0.07421875
1 0.8640625 0.9640625 0.1328125 0.071875
1 0.90234375 0.8859375 0.12265625 0.09765625
1 0.67890625 0.96015625 0.14296875 0.07890625
1 0.46484375 0.97265625 0.1328125 0.0546875
1 0.240625 0.95546875 0.0953125 0.08046875
1 0.24609375 0.87578125 0.1078125 0.07109375