1 0.79453125 0.23203125 0.11171875 0.1078125
1 0.43203125 0.14375 0.07890625 0.0859375
1 0.9109375 0.22890625 0.08515625 0.11171875
1 0.70703125 0.8078125 0.06875 0.0734375
1 0.51015625 0.7625 0.08515625 0.11015625
1 0.79296875 0.328125 0.10078125 0.0984375
1 0.4265625 0.05 0.09375 0.09921875
1 0.60234375 0.8 0.1015625 0.0984375
1 0.84375 0.65078125 0.090625 0.09765625
1 0.6453125 0.509375 0.10625 0.08125
1 0.31796875 0.15078125 0.09140625 0.10703125
1 0.81484375 0.12578125 0.084375 0.1015625
1 0.2734375 0.80390625 0.1015625 0.0859375
1 0.72421875 0.725 0.07734375 0.09140625
1 0.321875 0.0546875 0.09609375 0.1015625
1 0.396875 0.74765625 0.09921875 0.08671875
1 0.42890625 0.365625 0.08359375 0.09375
1 0.3875 0.6671875 0.09375 0.10390625
1 0.9 0.45078125 0.0953125 0.109375
1 0.9859375 0.14296875 0.028125 0.1078125
1 0.87734375 0.54375 0.10625 0.1109375