1 0.365625 0.7796875 0.0890625 0.0828125
1 0.3765625 0.85390625 0.09765625 0.06484375
1 0.56171875 0.196875 0.1375 0.11796875
1 0.05234375 0.1578125 0.1046875 0.0984375
1 0.74453125 0.7609375 0.1265625 0.08515625
1 0.56015625 0.69453125 0.11328125 0.07421875
1 0.50703125 0.5046875 0.140625 0.09453125
1 0.78046875 0.91484375 0.10390625 0.05546875
1 0.9265625 0.915625 0.09375 0.0609375
1 0.92734375 0.86328125 0.1453125 0.0671875
1 0.93125 0.8046875 0.11015625 0.0546875
1 0.90625 0.7265625 0.12421875 0.0609375
1 0.74296875 0.69453125 0.14609375 0.08671875
1 0.9 0.625 0.2 0.05
1 0.925 0.5421875 0.08984375 0.090625
1 0.746875 0.57421875 0.08984375 0.09453125
1 0.7359375 0.52421875 0.16953125 0.0875
1 0.76796875 0.3875 0.19765625 0.1015625
1 0.9484375 0.40703125 0.103125 0.0859375
1 0.95 0.27734375 0.09921875 0.16484375
1 0.80546875 0.19140625 0.11796875 0.09765625
1 0.48671875 0.30859375 0.1578125 0.10234375
1 0.3375 0.19140625 0.14609375 0.12578125
1 0.534375 0.428125 0.13125 0.10546875
1 0.56640625 0.5984375 0.11484375 0.0953125
1 0.56953125 0.784375 0.12890625 0.08515625
1 0.55234375 0.8859375 0.13828125 0.0609375
1 0.75703125 0.85078125 0.14375 0.09453125
1 0.3125 0.6734375 0.13125 0.07109375
1 0.29296875 0.5875 0.13203125 0.06015625
1 0.2796875 0.49375 0.10390625 0.05625