1 0.03671875 0.2703125 0.0734375 0.103125
1 0.04921875 0.4703125 0.0984375 0.10390625
1 0.053125 0.56953125 0.10625 0.1046875
1 0.76640625 0.2046875 0.1765625 0.10234375
1 0.6984375 0.6953125 0.0703125 0.0640625
1 0.94296875 0.2671875 0.11328125 0.10078125
1 0.93828125 0.38046875 0.11328125 0.09140625
1 0.77734375 0.0515625 0.13359375 0.10234375
1 0.575 0.23671875 0.16015625 0.13359375
1 0.971875 0.6125 0.05625 0.08984375
1 0.1921875 0.82734375 0.134375 0.0921875
1 0.54375 0.52890625 0.1296875 0.09375
1 0.96171875 0.06640625 0.0765625 0.1328125
1 0.15625 0.4 0.14609375 0.08203125
1 0.3765625 0.41640625 0.15625 0.11640625
1 0.37890625 0.8546875 0.125 0.0609375
1 0.35625 0.0578125 0.2078125 0.11484375
1 0.14609375 0.078125 0.215625 0.1109375
1 0.165625 0.1875 0.15703125 0.096875
1 0.16640625 0.30625 0.19296875 0.10234375
1 0.7484375 0.38515625 0.2171875 0.10703125