1 0.24140625 0.7578125 0.0953125 0.07578125
1 0.0609375 0.775 0.0828125 0.0703125
1 0.43203125 0.7359375 0.075 0.08515625
1 0.05390625 0.88046875 0.05546875 0.0625
1 0.08515625 0.81796875 0.1296875 0.0375
1 0.10859375 0.7125 0.11484375 0.078125
1 0.08515625 0.640625 0.16484375 0.06484375
1 0.05 0.55625 0.071875 0.06796875
1 0.0609375 0.440625 0.05859375 0.0515625
1 0.0453125 0.3453125 0.08984375 0.08984375
1 0.2125 0.265625 0.10859375 0.08671875
1 0.0234375 0.2203125 0.046875 0.09296875
1 0.4890625 0.26484375 0.16796875 0.07109375
1 0.44765625 0.34453125 0.15390625 0.0796875
1 0.48203125 0.42890625 0.1140625 0.084375
1 0.28359375 0.484375 0.07265625 0.09921875
1 0.46484375 0.553125 0.1328125 0.07734375
1 0.45859375 0.62578125 0.140625 0.0859375
1 0.303125 0.59921875 0.0953125 0.0796875
1 0.28046875 0.66640625 0.09296875 0.084375
1 0.23984375 0.81796875 0.1140625 0.05859375
1 0.26171875 0.87578125 0.084375 0.03984375
1 0.41484375 0.90625 0.0765625 0.09453125
1 0.4328125 0.8 0.13515625 0.0921875
1 0.73828125 0.215625 0.12734375 0.109375
1 0.68671875 0.34296875 0.08203125 0.06640625
1 0.68046875 0.4421875 0.08828125 0.07578125
1 0.68671875 0.5359375 0.084375 0.07578125
1 0.68125 0.61875 0.1578125 0.0484375
1 0.59140625 0.72578125 0.11171875 0.053125
1 0.6078125 0.7859375 0.1046875 0.05703125
1 0.6171875 0.8484375 0.0796875 0.07265625
1 0.79921875 0.84375 0.05390625 0.0984375
1 0.78046875 0.73203125 0.09609375 0.04921875
1 0.84765625 0.6765625 0.18671875 0.07890625
1 0.9 0.58359375 0.13359375 0.07109375
1 0.93359375 0.45859375 0.1125 0.07578125
1 0.93828125 0.36484375 0.1234375 0.05546875
1 0.9296875 0.25703125 0.08515625 0.16171875