1 0.78515625 0.83828125 0.09375 0.10234375
1 0.10859375 0.53359375 0.13671875 0.08984375
1 0.84765625 0.36015625 0.11640625 0.09296875
1 0.84140625 0.27734375 0.19921875 0.090625
1 0.60078125 0.2171875 0.125 0.0875
1 0.3703125 0.1921875 0.1578125 0.06953125
1 0.67734375 0.31171875 0.07734375 0.0921875
1 0.65234375 0.4359375 0.10078125 0.10546875
1 0.66484375 0.54296875 0.084375 0.0484375
1 0.81953125 0.49609375 0.0734375 0.08828125
1 0.81953125 0.5765625 0.09296875 0.0625
1 0.80703125 0.68046875 0.08828125 0.07734375
1 0.7875 0.7515625 0.096875 0.06953125
1 0.96875 0.75625 0.06171875 0.1
1 0.959375 0.6625 0.08125 0.07421875
1 0.60703125 0.7765625 0.0875 0.05
1 0.62890625 0.82109375 0.04921875 0.03671875
1 0.62265625 0.71328125 0.1515625 0.05859375
1 0.64140625 0.62421875 0.10390625 0.06640625
1 0.415625 0.3125 0.13359375 0.08203125
1 0.4359375 0.38984375 0.084375 0.0828125
1 0.43828125 0.5265625 0.10390625 0.05
1 0.45390625 0.59453125 0.10234375 0.0796875
1 0.490625 0.6640625 0.08828125 0.059375
1 0.44140625 0.73828125 0.12265625 0.06171875
1 0.28984375 0.753125 0.15 0.07890625
1 0.27890625 0.5515625 0.14140625 0.0578125
1 0.20078125 0.45546875 0.115625 0.07734375
1 0.1875 0.334375 0.10390625 0.08828125
1 0.146875 0.2296875 0.1390625 0.0859375
1 0.0546875 0.63515625 0.07734375 0.0875
1 0.1171875 0.86875 0.14296875 0.06015625
1 0.28203125 0.85 0.0625 0.06171875
1 0.43125 0.8375 0.07109375 0.04375
1 0.0875 0.74921875 0.071875 0.0796875
1 0.02890625 0.409375 0.05703125 0.11953125