0 0.09765625 0.74375 0.1953125 0.28984375
0 0.09296875 0.2390625 0.1859375 0.265625
0 0.8765625 0.83125 0.246875 0.3375
0 0.53359375 0.26015625 0.29140625 0.409375
0 0.8796875 0.4578125 0.240625 0.421875
0 0.57578125 0.796875 0.221875 0.32421875
0 0.55 0.5203125 0.3109375 0.33359375
0 0.88203125 0.284375 0.2359375 0.31640625
0 0.25859375 0.55078125 0.140625 0.290625
0 0.3265625 0.26796875 0.240625 0.33515625
0 0.10859375 0.5015625 0.2171875 0.30546875
0 0.275 0.84609375 0.14375 0.3078125
0 0.02890625 0.92890625 0.05703125 0.1421875