1 0.35234375 0.75390625 0.20234375 0.10546875
1 0.6390625 0.746875 0.11171875 0.115625
1 0.6796875 0.61640625 0.125 0.14453125
1 0.3890625 0.65546875 0.121875 0.078125
1 0.43828125 0.56171875 0.1015625 0.11015625
1 0.48125 0.48828125 0.14609375 0.07109375
1 0.5 0.4265625 0.13203125 0.04609375
1 0.51953125 0.36953125 0.0796875 0.0828125
1 0.5984375 0.2625 0.115625 0.09453125
1 0.59375 0.12734375 0.12734375 0.09609375
1 0.7859375 0.11875 0.08671875 0.05703125
1 0.7859375 0.2390625 0.15546875 0.13046875
1 0.74921875 0.33984375 0.084375 0.0703125
1 0.73671875 0.41640625 0.11484375 0.0953125
1 0.90234375 0.684375 0.1109375 0.0921875
1 0.93671875 0.53125 0.1265625 0.11953125
1 0.9234375 0.4171875 0.128125 0.1140625
1 0.9296875 0.33203125 0.128125 0.053125
1 0.9734375 0.253125 0.05234375 0.059375
1 0.9625 0.17578125 0.07421875 0.06875
1 0.959375 0.115625 0.08046875 0.05859375
1 0.3484375 0.1453125 0.11875 0.09921875
1 0.3578125 0.24296875 0.07265625 0.08046875
1 0.32421875 0.29765625 0.08359375 0.06015625
1 0.3265625 0.37890625 0.11328125 0.11328125
1 0.23359375 0.44921875 0.065625 0.071875
1 0.240625 0.51953125 0.08828125 0.084375
1 0.1890625 0.5953125 0.09921875 0.06875
1 0.1453125 0.6609375 0.09921875 0.05859375
1 0.12734375 0.7328125 0.096875 0.06953125
1 0.109375 0.80546875 0.08828125 0.065625
1 0.028125 0.51015625 0.05625 0.0796875
1 0.0546875 0.425 0.1046875 0.0515625
1 0.0546875 0.3453125 0.109375 0.075
1 0.13203125 0.17890625 0.11875 0.065625
1 0.07890625 0.275 0.09609375 0.06328125