1 0.9703125 0.75625 0.059375 0.08203125
1 0.81171875 0.77265625 0.12421875 0.08125
1 0.71953125 0.7984375 0.10390625 0.07421875
1 0.5484375 0.81015625 0.1 0.0484375
1 0.415625 0.8015625 0.1140625 0.0671875
1 0.31640625 0.78671875 0.10625 0.05859375
1 0.20390625 0.80234375 0.06640625 0.06953125
1 0.3484375 0.65546875 0.06875 0.03515625
1 0.496875 0.67890625 0.05234375 0.0421875
1 0.64453125 0.66015625 0.06484375 0.0390625
1 0.85078125 0.69609375 0.0109375 0.0078125
1 0.73203125 0.6484375 0.0640625 0.10078125
1 0.83671875 0.6296875 0.1 0.0640625
1 0.9296875 0.640625 0.11640625 0.0640625
1 0.2078125 0.671875 0.20078125 0.08046875
1 0.08359375 0.6609375 0.04296875 0.03671875
1 0.08984375 0.51328125 0.0703125 0.05390625
1 0.1703125 0.51015625 0.06015625 0.0515625
1 0.2609375 0.5359375 0.0828125 0.05390625
1 0.3640625 0.54140625 0.13203125 0.0515625
1 0.49609375 0.52109375 0.05390625 0.04609375
1 0.54375 0.540625 0.02890625 0.0359375
1 0.5875 0.5328125 0.04375 0.0359375
1 0.6828125 0.546875 0.07421875 0.03671875
1 0.7625 0.5609375 0.0703125 0.0484375
1 0.88203125 0.5328125 0.07421875 0.06484375
1 0.96796875 0.525 0.06328125 0.05078125
1 0.98828125 0.646875 0.0234375 0.046875
1 0.1015625 0.40703125 0.0875 0.09375
1 0.21171875 0.409375 0.09765625 0.0734375
1 0.34375 0.41015625 0.05234375 0.05546875
1 0.44453125 0.415625 0.0515625 0.04375
1 0.5609375 0.39609375 0.0875 0.0625
1 0.6578125 0.37109375 0.0640625 0.06484375
1 0.7328125 0.36953125 0.11171875 0.0765625
1 0.83125 0.38984375 0.10625 0.059375
1 0.9234375 0.3875 0.075 0.05859375
1 0.90390625 0.340625 0.0890625 0.05703125
1 0.81015625 0.27890625 0.10546875 0.07265625
1 0.70703125 0.26328125 0.1 0.0578125
1 0.6171875 0.28203125 0.06015625 0.09453125
1 0.4046875 0.26171875 0.07890625 0.04609375
1 0.20625 0.265625 0.06171875 0.03046875
1 0.84921875 0.12421875 0.103125 0.0921875
1 0.70390625 0.1 0.1203125 0.05
1 0.60546875 0.109375 0.07265625 0.0953125
1 0.48515625 0.12265625 0.08125 0.08515625
1 0.3796875 0.128125 0.07109375 0.071875
1 0.21640625 0.11484375 0.09375 0.06484375
1 0.11953125 0.1203125 0.078125 0.06015625
1 0.28203125 0.0234375 0.1234375 0.046875
1 0.4078125 0.0140625 0.05625 0.028125
1 0.5015625 0.01328125 0.11015625 0.02578125
1 0.55 0.04375 0.00390625 0.01171875
1 0.70078125 0.028125 0.13671875 0.05625
1 0.825 0.0140625 0.11796875 0.028125
1 0.91875 0.0234375 0.09140625 0.046875
1 0.98125 0.034375 0.03671875 0.06796875
1 0.084375 0.77890625 0.08046875 0.06171875