1 0.2296875 0.1046875 0.1375 0.13359375
1 0.23671875 0.2796875 0.1140625 0.096875
1 0.59921875 0.12109375 0.125 0.12734375
1 0.57421875 0.41796875 0.09375 0.0890625
1 0.0796875 0.21953125 0.159375 0.14453125
1 0.775 0.27109375 0.1515625 0.0984375
1 0.7234375 0.71015625 0.06953125 0.06875
1 0.08125 0.38984375 0.16171875 0.12109375
1 0.9546875 0.16484375 0.090625 0.0671875
1 0.7921875 0.121875 0.11328125 0.09765625
1 0.58984375 0.31171875 0.14375 0.08984375
1 0.94296875 0.3 0.1140625 0.11953125
1 0.740625 0.44609375 0.09140625 0.109375
1 0.43984375 0.21015625 0.09921875 0.09609375
1 0.28984375 0.86953125 0.0859375 0.078125
1 0.44375 0.71484375 0.1140625 0.08359375
1 0.1 0.47734375 0.1 0.10546875
1 0.6015625 0.76171875 0.13203125 0.09921875
1 0.41875 0.54921875 0.190625 0.07265625
1 0.24375 0.38515625 0.12109375 0.10546875
1 0.409375 0.30859375 0.16015625 0.096875
1 0.0859375 0.70859375 0.171875 0.103125
1 0.121875 0.84140625 0.15 0.12421875
1 0.46640625 0.86953125 0.13125 0.10546875
1 0.8765625 0.81640625 0.1296875 0.078125