1 0.5703125 0.7609375 0.13046875 0.0953125
1 0.73046875 0.3984375 0.0984375 0.103125
1 0.5765625 0.4296875 0.08203125 0.0984375
1 0.3203125 0.165625 0.09296875 0.103125
1 0.065625 0.1375 0.1046875 0.10546875
1 0.0421875 0.465625 0.08359375 0.11015625
1 0.853125 0.6328125 0.07421875 0.090625
1 0.16328125 0.396875 0.084375 0.07734375
1 0.71484375 0.1734375 0.0625 0.07421875
1 0.84453125 0.22578125 0.1125 0.11484375
1 0.6109375 0.290625 0.0953125 0.0734375
1 0.584375 0.2015625 0.05703125 0.059375
1 0.43046875 0.26875 0.08203125 0.09609375
1 0.33515625 0.253125 0.07265625 0.071875
1 0.31328125 0.34765625 0.0890625 0.1109375
1 0.35625 0.44921875 0.10234375 0.053125
1 0.4390625 0.50546875 0.10234375 0.1203125
1 0.29765625 0.56171875 0.07265625 0.0640625
1 0.44453125 0.64921875 0.11875 0.1171875
1 0.290625 0.7140625 0.0546875 0.1859375
1 0.4359375 0.79453125 0.090625 0.0890625
1 0.521875 0.92890625 0.15546875 0.13125
1 0.2875 0.91640625 0.12109375 0.14453125
1 0.38046875 0.946875 0.05078125 0.08671875
1 0.13515625 0.93359375 0.10625 0.125
1 0.134375 0.80234375 0.10390625 0.134375
1 0.65234375 0.93359375 0.1 0.115625
1 0.17890625 0.21953125 0.084375 0.19375
1 0.04453125 0.3484375 0.08828125 0.0671875
1 0.16328125 0.56171875 0.10390625 0.21484375
1 0.02734375 0.603125 0.0546875 0.1390625
1 0.4515625 0.396875 0.05703125 0.0578125
1 0.5890625 0.57734375 0.0859375 0.059375
1 0.70234375 0.634375 0.0703125 0.0546875
1 0.7078125 0.7203125 0.065625 0.05625
1 0.66953125 0.51328125 0.1015625 0.071875
1 0.84296875 0.3578125 0.07890625 0.1328125
1 0.84375 0.46640625 0.1078125 0.05
1 0.934375 0.19609375 0.09765625 0.0703125
1 0.975 0.29453125 0.05 0.08203125
1 0.94921875 0.43671875 0.10078125 0.10546875
1 0.9421875 0.66484375 0.115625 0.11015625
1 0.84765625 0.76640625 0.090625 0.08671875
1 0.96953125 0.82421875 0.05703125 0.0484375
1 0.83046875 0.8890625 0.10234375 0.08828125
1 0.96796875 0.5640625 0.04609375 0.059375
1 0.97421875 0.9625 0.0515625 0.075
1 0.85859375 0.98828125 0.0578125 0.0234375