1 0.43515625 0.45 0.11484375 0.07578125
1 0.52421875 0.55859375 0.0734375 0.08046875
1 0.9734375 0.846875 0.053125 0.0625
1 0.46484375 0.28125 0.10703125 0.0875
1 0.4421875 0.36796875 0.125 0.0828125
1 0.03828125 0.36875 0.0765625 0.08359375
1 0.421875 0.54765625 0.12421875 0.0875
1 0.6765625 0.390625 0.12578125 0.07578125
1 0.8453125 0.7109375 0.1140625 0.059375
1 0.10234375 0.79765625 0.1359375 0.078125
1 0.0296875 0.2890625 0.059375 0.08828125
1 0.5640625 0.73125 0.1109375 0.090625
1 0.3890625 0.6171875 0.103125 0.0875
1 0.93125 0.3328125 0.09921875 0.0921875
1 0.1125 0.73359375 0.16875 0.078125
1 0.78671875 0.3171875 0.1296875 0.0828125
1 0.66328125 0.4796875 0.11796875 0.0765625
1 0.53671875 0.9046875 0.14375 0.0984375
1 0.2890625 0.29140625 0.07734375 0.06328125
1 0.2421875 0.35390625 0.115625 0.0796875
1 0.2234375 0.440625 0.13984375 0.0875
1 0.196875 0.5203125 0.10546875 0.07265625
1 0.14296875 0.5984375 0.1359375 0.08984375
1 0.121875 0.6703125 0.15625 0.0609375
1 0.09609375 0.89921875 0.14921875 0.10859375
1 0.32734375 0.865625 0.0890625 0.07265625
1 0.27734375 0.7921875 0.09453125 0.0921875
1 0.353125 0.7265625 0.1375 0.09453125
1 0.6515625 0.58671875 0.1203125 0.12578125
1 0.77421875 0.8828125 0.16875 0.103125
1 0.81328125 0.79453125 0.1203125 0.09921875
1 0.86953125 0.6359375 0.1796875 0.11171875
1 0.91640625 0.48984375 0.14140625 0.11640625
1 0.990625 0.9125 0.01875 0.05625