0 0.90078125 0.74296875 0.18984375 0.26875
0 0.90703125 0.275 0.1828125 0.246875
0 0.153125 0.828125 0.27109375 0.321875
0 0.4921875 0.29375 0.26953125 0.37890625
0 0.14140625 0.47734375 0.2828125 0.3921875
0 0.453125 0.79140625 0.20625 0.3
0 0.47734375 0.53515625 0.28828125 0.309375
0 0.1390625 0.31640625 0.278125 0.29375
0 0.746875 0.56328125 0.13046875 0.26953125
0 0.684375 0.30078125 0.22265625 0.31015625
0 0.89140625 0.51796875 0.2109375 0.2828125
0 0.73203125 0.8421875 0.1328125 0.2921875
0 0.96640625 0.9234375 0.06640625 0.1515625