1 0.11640625 0.77578125 0.0984375 0.0640625
1 0.190625 0.79765625 0.0859375 0.07421875
1 0.28671875 0.84609375 0.10390625 0.06875
1 0.35703125 0.82890625 0.07890625 0.07734375
1 0.45625 0.87109375 0.14453125 0.05703125
1 0.02890625 0.65390625 0.05703125 0.109375
1 0.11171875 0.675 0.1125 0.11484375
1 0.19375 0.68515625 0.07421875 0.071875
1 0.27578125 0.70546875 0.10078125 0.05390625
1 0.36328125 0.71171875 0.09140625 0.08203125
1 0.453125 0.72265625 0.1078125 0.07890625
1 0.54921875 0.73984375 0.1265625 0.1078125
1 0.64609375 0.75234375 0.1125 0.0640625
1 0.73203125 0.771875 0.12734375 0.090625
1 0.78046875 0.67421875 0.1203125 0.0921875
1 0.66484375 0.64296875 0.10546875 0.09609375
1 0.53671875 0.64296875 0.1203125 0.07578125
1 0.36484375 0.6171875 0.1921875 0.06875
1 0.128125 0.5859375 0.25625 0.0578125
1 0.46640625 0.15 0.0953125 0.08515625
1 0.359375 0.1546875 0.09921875 0.1015625
1 0.2390625 0.15625 0.11796875 0.08046875
1 0.075 0.1515625 0.11484375 0.09609375
1 0.425 0.2796875 0.13046875 0.084375
1 0.70234375 0.30234375 0.15390625 0.084375
1 0.74453125 0.41953125 0.10625 0.09921875
1 0.58984375 0.41328125 0.0984375 0.1
1 0.490625 0.39296875 0.07890625 0.0921875
1 0.40234375 0.38359375 0.09375 0.09375
1 0.84765625 0.3015625 0.13046875 0.10546875
1 0.94375 0.45390625 0.1125 0.1015625
1 0.8359375 0.45859375 0.09140625 0.1375
1 0.51875 0.50859375 0.10234375 0.059375
1 0.42265625 0.4921875 0.08125 0.07109375
1 0.25546875 0.484375 0.07734375 0.08203125
1 0.184375 0.365625 0.10390625 0.05625
1 0.08984375 0.4609375 0.09921875 0.0421875
1 0.953125 0.70078125 0.08671875 0.11015625
1 0.9765625 0.57109375 0.046875 0.07890625
1 0.88046875 0.5765625 0.08984375 0.06953125
1 0.6609375 0.1953125 0.15859375 0.0625
1 0.9484375 0.0421875 0.10234375 0.08359375
1 0.84296875 0.03984375 0.10234375 0.0796875
1 0.72421875 0.03359375 0.13359375 0.0671875
1 0.6046875 0.02890625 0.1 0.0578125
1 0.521875 0.02421875 0.065625 0.04765625
1 0.42421875 0.01953125 0.1 0.03828125
1 0.30703125 0.028125 0.0578125 0.05546875
1 0.82734375 0.17109375 0.0921875 0.08515625
1 0.94296875 0.17265625 0.096875 0.0890625
1 0.9765625 0.30234375 0.046875 0.09921875