2 0.5734375 0.47890625 0.1046875 0.06171875
2 0.41484375 0.21640625 0.0984375 0.06640625
2 0.04453125 0.80234375 0.0890625 0.07265625
2 0.7984375 0.41640625 0.10703125 0.0890625
2 0.2984375 0.65078125 0.153125 0.06015625
2 0.21015625 0.209375 0.10546875 0.0734375
2 0.76640625 0.52265625 0.10859375 0.07734375
2 0.52109375 0.67890625 0.12421875 0.08203125
2 0.67734375 0.79609375 0.11875 0.07265625
2 0.3828125 0.334375 0.09375 0.06953125
2 0.428125 0.140625 0.109375 0.07890625
2 0.759375 0.8 0.07890625 0.06171875
2 0.6046875 0.159375 0.0828125 0.05859375
2 0.0125 0.21015625 0.025 0.0671875
2 0.021875 0.65546875 0.04375 0.0484375
2 0.68046875 0.96796875 0.07265625 0.06015625
2 0.12890625 0.421875 0.11875 0.06796875
2 0.58125 0.3703125 0.10078125 0.08515625
2 0.94921875 0.74765625 0.1015625 0.06953125
2 0.29921875 0.71796875 0.10078125 0.07109375
2 0.17421875 0.3 0.0828125 0.05
2 0.2375 0.13828125 0.09375 0.05625
2 0.94296875 0.9453125 0.09296875 0.078125
2 0.76796875 0.1140625 0.11796875 0.06875
2 0.2953125 0.79921875 0.11015625 0.0875
2 0.5515625 0.803125 0.10859375 0.06484375
2 0.7953125 0.2953125 0.08984375 0.06953125
2 0.45625 0.59375 0.10625 0.05390625
2 0.1875 0.825 0.14765625 0.08828125
2 0.38125 0.43515625 0.0609375 0.05390625
2 0.32421875 0.5578125 0.11171875 0.0828125
2 0.08125 0.675 0.10390625 0.10234375