1 0.0421875 0.85625 0.075 0.0703125
1 0.634375 0.9671875 0.10625 0.06484375
1 0.11796875 0.58515625 0.08125 0.0875
1 0.5796875 0.7 0.0796875 0.06484375
1 0.0515625 0.97734375 0.10234375 0.04453125
1 0.7578125 0.52109375 0.09375 0.06640625
1 0.50234375 0.50546875 0.05625 0.05546875
1 0.98125 0.68125 0.0375 0.0703125
1 0.06328125 0.7296875 0.0875 0.0671875
1 0.6703125 0.50703125 0.078125 0.06953125
1 0.9546875 0.86875 0.090625 0.0828125
1 0.825 0.86640625 0.12109375 0.08828125
1 0.640625 0.8546875 0.17890625 0.10625
1 0.46796875 0.83671875 0.14453125 0.08984375
1 0.3328125 0.8484375 0.1015625 0.075
1 0.4140625 0.72421875 0.1953125 0.103125
1 0.203125 0.71328125 0.16796875 0.0953125
1 0.30625 0.559375 0.09921875 0.084375
1 0.43359375 0.55 0.11953125 0.10078125
1 0.24140625 0.9734375 0.15703125 0.053125
1 0.41875 0.97578125 0.15390625 0.0484375
1 0.54765625 0.965625 0.12265625 0.0609375
1 0.06171875 0.47578125 0.12265625 0.0640625
1 0.203125 0.45234375 0.1390625 0.0828125
1 0.35625 0.434375 0.14453125 0.0921875
1 0.465625 0.39765625 0.07734375 0.09765625
1 0.6109375 0.39296875 0.1484375 0.08203125
1 0.7796875 0.37109375 0.175 0.071875
1 0.934375 0.35625 0.1234375 0.0828125
1 0.9203125 0.1765625 0.13359375 0.0765625
1 0.80546875 0.203125 0.1390625 0.11953125
1 0.6234375 0.2296875 0.09765625 0.04921875
1 0.50859375 0.22890625 0.14609375 0.06015625
1 0.40546875 0.25546875 0.14296875 0.07109375
1 0.22109375 0.3140625 0.171875 0.0921875
1 0.0875 0.365625 0.103125 0.08046875
1 0.1453125 0.1921875 0.14296875 0.05
1 0.32890625 0.15 0.20234375 0.0859375
1 0.54921875 0.0875 0.0796875 0.06953125
1 0.64921875 0.096875 0.06484375 0.07109375
1 0.94375 0.03671875 0.1125 0.0734375
1 0.075 0.07421875 0.1390625 0.09375
1 0.43828125 0.01875 0.15703125 0.03671875
1 0.84609375 0.6875 0.1578125 0.11015625
1 0.68203125 0.72578125 0.06328125 0.08359375
1 0.84921875 0.55 0.090625 0.08125
1 0.034375 0.60546875 0.06484375 0.078125