2 0.29296875 0.753125 0.1125 0.06015625
2 0.4140625 0.6171875 0.1109375 0.07421875
2 0.5 0.87890625 0.09375 0.0703125
2 0.26171875 0.3734375 0.13515625 0.0953125
2 0.9703125 0.88671875 0.059375 0.08515625
2 0.284375 0.62265625 0.09140625 0.0828125
2 0.984375 0.4921875 0.03125 0.109375
2 0.88203125 0.91484375 0.0984375 0.0796875
2 0.98671875 0.6125 0.0265625 0.0859375
2 0.51171875 0.97421875 0.09609375 0.05078125
2 0.75859375 0.3171875 0.0953125 0.075
2 0.82578125 0.68671875 0.11328125 0.0734375
2 0.59140625 0.83359375 0.11875 0.0765625
2 0.57265625 0.62109375 0.0953125 0.0734375
2 0.96015625 0.25 0.0796875 0.071875
2 0.52578125 0.3546875 0.10390625 0.08359375
2 0.840625 0.15 0.07109375 0.1109375
2 0.75625 0.115625 0.11171875 0.1125
2 0.62890625 0.14765625 0.075 0.15
2 0.503125 0.1125 0.0578125 0.11484375
2 0.3671875 0.1265625 0.1171875 0.1203125
2 0.6890625 0.56953125 0.14453125 0.10703125
2 0.1171875 0.61484375 0.09921875 0.1296875
2 0.94921875 0.11875 0.1015625 0.1390625
2 0.1203125 0.08203125 0.11015625 0.1390625
2 0.18515625 0.884375 0.11015625 0.1125
2 0.15234375 0.746875 0.06484375 0.10546875
2 0.03671875 0.75546875 0.0734375 0.10390625
2 0.7484375 0.93203125 0.11640625 0.103125
2 0.73046875 0.79296875 0.05625 0.15625
2 0.88984375 0.471875 0.1015625 0.09609375
2 0.6390625 0.04140625 0.05625 0.0828125
2 0.38359375 0.0328125 0.0734375 0.065625
2 0.23984375 0.14765625 0.046875 0.1578125
2 0.390625 0.25625 0.07890625 0.08671875
2 0.50234375 0.24921875 0.06484375 0.13125
2 0.40703125 0.43125 0.06796875 0.1390625
2 0.3390625 0.90703125 0.103125 0.11640625
2 0.0984375 0.2796875 0.0765625 0.19765625
2 0.75859375 0.41328125 0.09921875 0.06953125
2 0.63125 0.26796875 0.07109375 0.128125