2 0.75078125 0.3109375 0.1015625 0.0671875
2 0.92265625 0.3359375 0.13203125 0.084375
2 0.8328125 0.375 0.1046875 0.05546875
2 0.7875 0.66796875 0.09140625 0.05703125
2 0.64453125 0.53359375 0.075 0.06015625
2 0.08125 0.13046875 0.06953125 0.05078125
2 0.6953125 0.61953125 0.1140625 0.07421875
2 0.2828125 0.25546875 0.0796875 0.07265625
2 0.3203125 0.90703125 0.08125 0.07734375
2 0.39609375 0.971875 0.09609375 0.05546875
2 0.14296875 0.96875 0.0703125 0.0625
2 0.04609375 0.884375 0.0921875 0.0625
2 0.21875 0.65390625 0.0875 0.071875
2 0.19296875 0.528125 0.09765625 0.0625
2 0.0875 0.4625 0.08359375 0.06015625
2 0.07109375 0.37421875 0.07578125 0.07421875
2 0.33515625 0.3515625 0.0734375 0.08359375
2 0.6203125 0.4296875 0.09140625 0.071875
2 0.4 0.53984375 0.075 0.08046875
2 0.75703125 0.21953125 0.08203125 0.07578125
2 0.0671875 0.27734375 0.09921875 0.08046875
2 0.5484375 0.77734375 0.09375 0.0890625
2 0.8 0.75859375 0.096875 0.0796875
2 0.7890625 0.8328125 0.103125 0.0875
2 0.85234375 0.8921875 0.078125 0.065625
2 0.25390625 0.74609375 0.08515625 0.06796875
2 0.49375 0.68671875 0.09453125 0.0546875
2 0.0296875 0.63203125 0.059375 0.09296875
2 0.878125 0.50234375 0.05546875 0.04609375
2 0.93671875 0.603125 0.04765625 0.0578125