1 0.41640625 0.44765625 0.10390625 0.1015625
1 0.303125 0.44453125 0.08359375 0.06796875
1 0.73046875 0.24375 0.0546875 0.05078125
1 0.95546875 0.340625 0.08515625 0.07734375
1 0.88984375 0.4484375 0.09375 0.0875
1 0.840625 0.284375 0.08125 0.090625
1 0.53046875 0.50625 0.090625 0.0921875
1 0.51796875 0.41875 0.0875 0.06875
1 0.525 0.61328125 0.0921875 0.13046875
1 0.73046875 0.184375 0.090625 0.065625
1 0.64609375 0.39453125 0.065625 0.0859375
1 0.7703125 0.38359375 0.11328125 0.10078125
1 0.72109375 0.10390625 0.09375 0.1015625
1 0.05625 0.6109375 0.10859375 0.103125
1 0.93828125 0.26796875 0.0609375 0.06640625
1 0.6296875 0.29921875 0.0890625 0.08515625
1 0.04765625 0.434375 0.07734375 0.09140625
1 0.6578125 0.5875 0.12578125 0.10859375
1 0.06015625 0.51484375 0.09453125 0.06328125
1 0.97734375 0.09921875 0.0453125 0.08359375
1 0.64765625 0.49140625 0.10859375 0.11015625
1 0.31015625 0.5609375 0.08515625 0.09921875
1 0.77109375 0.578125 0.0859375 0.08125
1 0.61015625 0.13359375 0.075 0.078125
1 0.890625 0.81640625 0.08828125 0.10625
1 0.9015625 0.2 0.09140625 0.090625
1 0.3140625 0.59140625 0.11015625 0.146875
1 0.03515625 0.94375 0.0703125 0.11171875
1 0.29453125 0.20546875 0.06953125 0.07890625
1 0.5234375 0.33125 0.07578125 0.08671875
1 0.62890625 0.21953125 0.0890625 0.08671875
1 0.76640625 0.4703125 0.11015625 0.115625
1 0.89453125 0.7046875 0.115625 0.146875
1 0.6578125 0.71171875 0.11875 0.11953125
1 0.63046875 0.9125 0.1 0.1359375
1 0.5203125 0.8140625 0.0703125 0.1
1 0.40625 0.85390625 0.11484375 0.20703125
1 0.26796875 0.89296875 0.0953125 0.1375
1 0.14609375 0.8890625 0.0796875 0.14453125
1 0.04609375 0.83671875 0.0671875 0.121875
1 0.04296875 0.74453125 0.0859375 0.1296875
1 0.0578125 0.3046875 0.0609375 0.084375
1 0.059375 0.2421875 0.05546875 0.05703125
1 0.18515625 0.26328125 0.08046875 0.175
1 0.16328125 0.6828125 0.0734375 0.1
1 0.15546875 0.7875 0.071875 0.06953125
1 0.19296875 0.5953125 0.0890625 0.0890625
1 0.28984375 0.79921875 0.115625 0.08046875
1 0.278125 0.7328125 0.0671875 0.08984375
1 0.41640625 0.30078125 0.0828125 0.11953125