1 0.06015625 0.659375 0.0921875 0.09921875
1 0.58671875 0.790625 0.090625 0.07421875
1 0.790625 0.58671875 0.10625 0.07578125
1 0.49921875 0.56875 0.0640625 0.06328125
1 0.02421875 0.82421875 0.04765625 0.0765625
1 0.690625 0.57109375 0.08984375 0.07890625
1 0.98125 0.96796875 0.0375 0.0640625
1 0.86640625 0.96484375 0.13828125 0.0703125
1 0.65703125 0.953125 0.20390625 0.09375
1 0.46015625 0.946875 0.16484375 0.10234375
1 0.30546875 0.95859375 0.115625 0.0828125
1 0.3984375 0.81796875 0.22265625 0.11796875
1 0.1578125 0.80546875 0.19140625 0.10859375
1 0.27578125 0.63046875 0.11328125 0.09609375
1 0.42109375 0.61953125 0.1359375 0.11484375
1 0.0328125 0.534375 0.065625 0.071875
1 0.1578125 0.50859375 0.15859375 0.09453125
1 0.33203125 0.4875 0.16484375 0.10546875
1 0.45703125 0.44609375 0.08828125 0.11171875
1 0.62265625 0.44140625 0.16875 0.09296875
1 0.815625 0.415625 0.2 0.08203125
1 0.96015625 0.39765625 0.0796875 0.0953125
1 0.94921875 0.19453125 0.1015625 0.08671875
1 0.84453125 0.22421875 0.15859375 0.13671875
1 0.6375 0.25546875 0.1109375 0.05546875
1 0.50625 0.25390625 0.1671875 0.06796875
1 0.3890625 0.284375 0.1625 0.08046875
1 0.17890625 0.3515625 0.19609375 0.10546875
1 0.0421875 0.409375 0.084375 0.09140625
1 0.0921875 0.2125 0.1625 0.05703125
1 0.3015625 0.1640625 0.23046875 0.09765625
1 0.55234375 0.09296875 0.090625 0.07890625
1 0.66640625 0.103125 0.07421875 0.08046875
1 0.96875 0.03828125 0.06171875 0.0765625
1 0.0453125 0.07734375 0.090625 0.10703125
1 0.42578125 0.0171875 0.1796875 0.034375
1 0.890625 0.77578125 0.1796875 0.12578125
1 0.70390625 0.81953125 0.071875 0.0953125
1 0.8953125 0.61953125 0.10390625 0.0921875