1 0.12109375 0.2359375 0.07421875 0.15390625
1 0.21484375 0.1703125 0.06328125 0.103125
1 0.44765625 0.19609375 0.0828125 0.0984375
1 0.43671875 0.33359375 0.06171875 0.103125
1 0.45625 0.47421875 0.1 0.0515625
1 0.31328125 0.55234375 0.07734375 0.10546875
1 0.4265625 0.71015625 0.1140625 0.16328125
1 0.2796875 0.9484375 0.15859375 0.075
1 0.425 0.88984375 0.07578125 0.0984375
1 0.546875 0.80234375 0.08828125 0.10546875
1 0.640625 0.72734375 0.09296875 0.10078125
1 0.80078125 0.79140625 0.07890625 0.11171875
1 0.784375 0.31328125 0.0671875 0.16796875
1 0.65546875 0.23125 0.0984375 0.12109375