1 0.82734375 0.01171875 0.08125 0.0234375
1 0.71875 0.02734375 0.0671875 0.05390625
1 0.60234375 0.01484375 0.0828125 0.0296875
1 0.98671875 0.11484375 0.0265625 0.0578125
1 0.88984375 0.115625 0.08828125 0.05625
1 0.78671875 0.134375 0.0546875 0.0328125
1 0.63671875 0.1484375 0.046875 0.05
1 0.51015625 0.15703125 0.065625 0.03515625
1 0.4 0.1328125 0.0453125 0.0640625
1 0.28984375 0.13828125 0.059375 0.03203125
1 0.89140625 0.284375 0.065625 0.0484375
1 0.76640625 0.2953125 0.07421875 0.0484375
1 0.6015625 0.30390625 0.034375 0.0453125
1 0.3328125 0.2890625 0.0921875 0.03828125
1 0.2359375 0.2765625 0.11171875 0.08046875
1 0.10859375 0.28671875 0.08671875 0.034375
1 0.01796875 0.234375 0.0359375 0.028125
1 0.0046875 0.29296875 0.00859375 0.05390625
1 0.953125 0.4234375 0.06015625 0.03828125
1 0.81484375 0.4390625 0.07578125 0.04453125
1 0.69921875 0.446875 0.11015625 0.08828125
1 0.59921875 0.45 0.09765625 0.05078125
1 0.49140625 0.45 0.06875 0.0671875
1 0.3546875 0.459375 0.07578125 0.128125
1 0.21796875 0.44296875 0.05625 0.0234375
1 0.1203125 0.43203125 0.08125 0.05
1 0.02890625 0.44765625 0.02734375 0.0453125
1 0.98046875 0.56171875 0.0390625 0.0671875
1 0.92265625 0.565625 0.078125 0.07265625
1 0.678125 0.57890625 0.0546875 0.06796875
1 0.5859375 0.57421875 0.08828125 0.05
1 0.4875 0.56171875 0.06484375 0.07265625
1 0.99140625 0.675 0.01640625 0.06796875
1 0.9203125 0.675 0.0828125 0.0484375
1 0.79453125 0.66953125 0.103125 0.02890625
1 0.67265625 0.68515625 0.1125 0.03203125
1 0.5390625 0.69375 0.07734375 0.08046875
1 0.44375 0.69765625 0.05078125 0.07578125
1 0.93359375 0.80546875 0.06328125 0.0375
1 0.80390625 0.80703125 0.07265625 0.0484375
1 0.65390625 0.79921875 0.1 0.0734375
1 0.5140625 0.7765625 0.09453125 0.05078125
1 0.384375 0.778125 0.06171875 0.0546875
1 0.12265625 0.54453125 0.06328125 0.09453125
1 0.04453125 0.6078125 0.003125 0.01328125
1 0.01796875 0.5609375 0.0359375 0.05703125
1 0.03671875 0.784375 0.0734375 0.05390625
1 0.16015625 0.79296875 0.06015625 0.0734375
1 0.403125 0.91015625 0.09609375 0.07265625
1 0.5234375 0.91796875 0.1 0.06484375
1 0.6640625 0.94921875 0.11953125 0.0671875
1 0.78515625 0.925 0.07734375 0.03125
1 0.93984375 0.91953125 0.0890625 0.0546875
1 0.753125 0.99140625 0.06171875 0.0171875
1 0.2875 0.91640625 0.0796875 0.0640625
1 0.1796875 0.921875 0.078125 0.0578125
1 0.08984375 0.91328125 0.08828125 0.02265625
1 0.234375 0.56875 0.090625 0.0375
1 0.0328125 0.05078125 0.065625 0.08515625
1 0.109375 0.0375 0.07421875 0.0734375
1 0.06953125 0.14765625 0.1 0.059375
1 0.01796875 0.15078125 0.0359375 0.0609375