1 0.29609375 0.6296875 0.11171875 0.06171875
1 0.4515625 0.2859375 0.12890625 0.11171875
1 0.43828125 0.5671875 0.13203125 0.08515625
1 0.65625 0.6703125 0.18359375 0.15390625
1 0.07890625 0.5609375 0.1359375 0.15703125
1 0.26328125 0.55078125 0.15625 0.12890625
1 0.06796875 0.40625 0.1171875 0.16015625
1 0.2265625 0.3703125 0.14375 0.10703125
1 0.4015625 0.3609375 0.1265625 0.11484375
1 0.053125 0.24375 0.09140625 0.16640625
1 0.21328125 0.259375 0.1578125 0.090625
1 0.22890625 0.16640625 0.18203125 0.0859375
1 0.40546875 0.1515625 0.10625 0.15