1 0.35390625 0.7140625 0.09453125 0.090625
1 0.16953125 0.42734375 0.1 0.1
1 0.75390625 0.2015625 0.06171875 0.05625
1 0.96328125 0.81015625 0.0734375 0.065625
1 0.4109375 0.3234375 0.0921875 0.078125
1 0.29921875 0.315625 0.10546875 0.10078125
1 0.17578125 0.51953125 0.090625 0.0984375
1 0.7609375 0.1171875 0.1 0.09921875
1 0.64609375 0.7359375 0.0765625 0.0828125
1 0.18515625 0.21171875 0.0796875 0.07734375
1 0.86328125 0.7546875 0.09296875 0.1625
1 0.74296875 0.70859375 0.08125 0.09453125
1 0.78046875 0.4265625 0.13359375 0.15546875
1 0.77890625 0.55546875 0.12265625 0.0671875
1 0.64609375 0.5203125 0.09765625 0.13359375
1 0.50859375 0.66953125 0.0921875 0.08828125
1 0.5140625 0.47734375 0.11484375 0.09765625
1 0.4953125 0.57578125 0.07578125 0.09609375
1 0.3859375 0.61015625 0.06484375 0.07578125
1 0.4171875 0.22421875 0.09765625 0.08828125
1 0.5265625 0.36015625 0.08515625 0.1015625
1 0.903125 0.16875 0.10625 0.1046875
1 0.92890625 0.28671875 0.10390625 0.16171875
1 0.659375 0.140625 0.0734375 0.121875
1 0.65546875 0.32109375 0.10078125 0.084375
1 0.53046875 0.05625 0.0921875 0.09140625
1 0.30234375 0.434375 0.121875 0.09296875
1 0.26640625 0.625 0.06640625 0.09296875