2 0.2359375 0.321875 0.1109375 0.06875
2 0.6890625 0.8859375 0.125 0.0875
2 0.0484375 0.221875 0.08515625 0.05546875
2 0.7515625 0.0546875 0.16796875 0.08125
2 0.68203125 0.37734375 0.0671875 0.05078125
2 0.82265625 0.9109375 0.125 0.09296875
2 0.46953125 0.6671875 0.16328125 0.103125
2 0.4625 0.13828125 0.0875 0.0765625
2 0.14140625 0.18671875 0.08203125 0.05234375
2 0.33046875 0.16328125 0.08515625 0.0625
2 0.6140625 0.09453125 0.09140625 0.05625
2 0.7890625 0.19375 0.10078125 0.06640625
2 0.684375 0.240625 0.07578125 0.06796875
2 0.3796875 0.2984375 0.0890625 0.065625
2 0.5359375 0.2671875 0.125 0.06640625
2 0.565625 0.39609375 0.10703125 0.06171875
2 0.70859375 0.4515625 0.1171875 0.06953125
2 0.83671875 0.3171875 0.14921875 0.10390625
2 0.7625 0.63125 0.13515625 0.071875
2 0.475 0.53125 0.1140625 0.0734375
2 0.26796875 0.57421875 0.13203125 0.10390625
2 0.09453125 0.453125 0.16328125 0.0828125
2 0.1484375 0.6125 0.1 0.0796875
2 0.15546875 0.715625 0.14375 0.11484375
2 0.3265625 0.69609375 0.14375 0.07421875
2 0.21640625 0.8140625 0.09609375 0.08046875
2 0.35546875 0.7984375 0.10703125 0.06640625
2 0.4875 0.8 0.0921875 0.059375
2 0.66875 0.76953125 0.11640625 0.07421875
2 0.9265625 0.72421875 0.146875 0.09453125
2 0.9484375 0.86875 0.103125 0.10703125
2 0.946875 0.96015625 0.10625 0.0796875
2 0.85 0.9875 0.0953125 0.025
2 0.7265625 0.990625 0.10703125 0.01875
2 0.53359375 0.90859375 0.1078125 0.11484375
2 0.38828125 0.93125 0.16953125 0.10078125
2 0.24609375 0.9421875 0.10625 0.115625
2 0.0625 0.93828125 0.125 0.08359375
2 0.6625 0.55546875 0.1 0.05390625