1 0.78046875 0.1859375 0.10234375 0.11171875
1 0.05859375 0.5171875 0.1171875 0.0984375
1 0.84921875 0.70625 0.12734375 0.1015625
1 0.8421875 0.796875 0.2171875 0.0984375
1 0.57890625 0.8625 0.13671875 0.0953125
1 0.328125 0.88984375 0.17265625 0.07578125
1 0.66328125 0.76015625 0.084375 0.10078125
1 0.6359375 0.62421875 0.11015625 0.115625
1 0.64921875 0.5078125 0.0921875 0.05234375
1 0.81875 0.55859375 0.08046875 0.09609375
1 0.81875 0.47109375 0.10078125 0.06796875
1 0.8046875 0.3578125 0.096875 0.08359375
1 0.78359375 0.2796875 0.10546875 0.07578125
1 0.9734375 0.275 0.05234375 0.10859375
1 0.96328125 0.37734375 0.0734375 0.08046875
1 0.58671875 0.25234375 0.0953125 0.0546875
1 0.61015625 0.20390625 0.053125 0.040625
1 0.60390625 0.321875 0.16484375 0.0640625
1 0.62421875 0.41953125 0.11328125 0.07265625
1 0.37734375 0.75859375 0.1453125 0.08984375
1 0.39921875 0.67421875 0.0921875 0.090625
1 0.40234375 0.52578125 0.11328125 0.0546875
1 0.41953125 0.45078125 0.11171875 0.0875
1 0.459375 0.375 0.096875 0.06484375
1 0.40546875 0.29453125 0.13359375 0.0671875
1 0.240625 0.278125 0.16328125 0.0859375
1 0.22890625 0.4984375 0.1546875 0.0625
1 0.14296875 0.603125 0.1265625 0.08359375
1 0.12890625 0.73515625 0.11328125 0.09609375
1 0.084375 0.84921875 0.1515625 0.09375
1 0.01328125 0.40703125 0.0265625 0.09453125
1 0.06484375 0.15078125 0.1296875 0.0671875
1 0.23125 0.17265625 0.06875 0.0671875
1 0.3953125 0.18671875 0.07734375 0.0484375
1 0.0296875 0.28203125 0.05859375 0.0875