1 0.2171875 0.9484375 0.0671875 0.06015625
1 0.33828125 0.95 0.07890625 0.0734375
1 0.43359375 0.95234375 0.07421875 0.05390625
1 0.540625 0.946875 0.103125 0.059375
1 0.653125 0.9421875 0.11875 0.0578125
1 0.78203125 0.94375 0.11171875 0.0515625
1 0.90859375 0.928125 0.08671875 0.0671875
1 0.92265625 0.8171875 0.06171875 0.03046875
1 0.79453125 0.825 0.115625 0.05703125
1 0.65546875 0.8390625 0.046875 0.0515625
1 0.56875 0.825 0.11015625 0.0625
1 0.4390625 0.85703125 0.08125 0.0609375
1 0.30703125 0.84296875 0.1265625 0.06328125
1 0.2046875 0.83203125 0.05625 0.03125
1 0.20703125 0.709375 0.05625 0.03125
1 0.41640625 0.70625 0.08125 0.02734375
1 0.5078125 0.71484375 0.0375 0.0578125
1 0.57109375 0.72265625 0.0375 0.0359375
1 0.6375 0.70390625 0.05625 0.03203125
1 0.7296875 0.71796875 0.0703125 0.0609375
1 0.8125 0.71328125 0.06640625 0.05390625
1 0.89765625 0.703125 0.06171875 0.0453125
1 0.953125 0.59375 0.046875 0.0484375
1 0.9609375 0.6515625 0.009375 0.00546875
1 0.85625 0.59765625 0.06484375 0.05390625
1 0.75703125 0.59921875 0.0484375 0.0421875
1 0.81953125 0.62578125 0.0140625 0.003125
1 0.65078125 0.59375 0.0671875 0.05078125
1 0.56484375 0.59921875 0.08828125 0.034375
1 0.428125 0.584375 0.07421875 0.04140625
1 0.29609375 0.559375 0.0578125 0.0546875
1 0.18359375 0.5765625 0.0578125 0.053125
1 0.2984375 0.7 0.0484375 0.04375
1 0.11640625 0.4703125 0.06171875 0.065625
1 0.2203125 0.46640625 0.04921875 0.04375
1 0.31875 0.5015625 0.05390625 0.04453125
1 0.446875 0.47265625 0.04296875 0.0359375
1 0.5390625 0.47578125 0.0703125 0.059375
1 0.653125 0.47578125 0.0796875 0.065625
1 0.76015625 0.51171875 0.0578125 0.05390625
1 0.87109375 0.49375 0.07578125 0.06015625
1 0.9546875 0.50703125 0.0609375 0.07265625
1 0.95703125 0.38828125 0.059375 0.04453125
1 0.8515625 0.39296875 0.1078125 0.046875
1 0.75 0.38515625 0.08671875 0.05
1 0.6609375 0.38125 0.0328125 0.05703125
1 0.52109375 0.36953125 0.0796875 0.046875
1 0.4046875 0.3609375 0.07421875 0.075
1 0.29296875 0.34453125 0.0953125 0.08203125
1 0.15625 0.340625 0.0484375 0.034375
1 0.97890625 0.2859375 0.03203125 0.0453125
1 0.89375 0.30625 0.05234375 0.03046875
1 0.80625 0.28671875 0.04296875 0.046875
1 0.71328125 0.27578125 0.0375 0.0609375
1 0.596875 0.27421875 0.08984375 0.0390625
1 0.4703125 0.28125 0.06484375 0.0734375
1 0.37421875 0.25234375 0.08125 0.053125
1 0.19765625 0.22109375 0.1421875 0.065625
1 0.24140625 0.23203125 0.09609375 0.03515625
1 0.1953125 0.09765625 0.165625 0.059375
1 0.38125 0.11328125 0.08125 0.05703125
1 0.49140625 0.13046875 0.08671875 0.04375
1 0.603125 0.1515625 0.11015625 0.0828125
1 0.725 0.1765625 0.07890625 0.0546875
1 0.8125 0.18125 0.0453125 0.0578125
1 0.89453125 0.2 0.0953125 0.046875
1 0.30078125 0.075 0.05625 0.0515625
1 0.18046875 0.01171875 0.09375 0.02265625
1 0.2828125 0.01640625 0.09921875 0.0328125
1 0.38984375 0.01640625 0.06640625 0.03203125
1 0.5015625 0.0328125 0.084375 0.065625
1 0.61171875 0.046875 0.06328125 0.04453125
1 0.69921875 0.05859375 0.0703125 0.03828125
1 0.78984375 0.0796875 0.0953125 0.05390625
1 0.8765625 0.0859375 0.0953125 0.04765625
1 0.98671875 0.11796875 0.02578125 0.040625