1 0.88671875 0.2390625 0.1109375 0.10859375
1 0.07265625 0.34921875 0.1453125 0.1078125
1 0.59375 0.1953125 0.1453125 0.11796875
1 0.08515625 0.5234375 0.16484375 0.08828125
1 0.29609375 0.8484375 0.11484375 0.07109375
1 0.73203125 0.67421875 0.140625 0.090625
1 0.3078125 0.7203125 0.1171875 0.07890625
1 0.08515625 0.24609375 0.15390625 0.103125
1 0.584375 0.29296875 0.109375 0.06328125
1 0.58828125 0.56640625 0.1296875 0.0671875
1 0.8484375 0.34453125 0.2125 0.1375
1 0.80546875 0.4546875 0.215625 0.12578125
1 0.55703125 0.4109375 0.1453125 0.140625
1 0.7765625 0.74765625 0.16484375 0.10390625
1 0.76875 0.86171875 0.1390625 0.15625
1 0.584375 0.91015625 0.2 0.0953125
1 0.56640625 0.809375 0.16640625 0.075
1 0.55 0.734375 0.1421875 0.10390625
1 0.53046875 0.6421875 0.1703125 0.08984375
1 0.53671875 0.51328125 0.13984375 0.09609375
1 0.3140625 0.18359375 0.096875 0.075
1 0.30703125 0.3140625 0.15703125 0.0921875
1 0.30625 0.4109375 0.14375 0.134375
1 0.32578125 0.5078125 0.19765625 0.08046875
1 0.30078125 0.58046875 0.13984375 0.0734375
1 0.29375 0.6609375 0.11484375 0.10390625
1 0.28828125 0.94296875 0.1359375 0.1140625
1 0.1 0.96640625 0.13203125 0.0671875
1 0.06640625 0.890625 0.13203125 0.0578125
1 0.04296875 0.82578125 0.0859375 0.0578125
1 0.03046875 0.76015625 0.0609375 0.0578125
1 0.03359375 0.7 0.0671875 0.0625
1 0.05859375 0.621875 0.10859375 0.0921875
1 0.1015625 0.45546875 0.1546875 0.09453125
1 0.77890625 0.57578125 0.1203125 0.14765625
1 0.95546875 0.84296875 0.0890625 0.1234375
1 0.975 0.740625 0.05 0.134375
1 0.97265625 0.59921875 0.05390625 0.11484375
1 0.98359375 0.43515625 0.03203125 0.0828125