1 0.05546875 0.7015625 0.09375 0.1078125
1 0.74375 0.7390625 0.0984375 0.08515625
1 0.37734375 0.73203125 0.08359375 0.07421875
1 0.19296875 0.8234375 0.09765625 0.1046875
1 0.590625 0.46328125 0.121875 0.134375
1 0.609375 0.36796875 0.1125 0.0875
1 0.2921875 0.803125 0.09375 0.09375
1 0.73125 0.5546875 0.09140625 0.109375
1 0.13828125 0.628125 0.09296875 0.109375
1 0.615625 0.79765625 0.0828125 0.0734375
1 0.609375 0.25234375 0.11875 0.1375
1 0.00859375 0.7953125 0.0171875 0.084375
1 0.6046875 0.57265625 0.096875 0.1
1 0.01484375 0.49921875 0.02890625 0.0765625
1 0.85390625 0.6734375 0.1 0.08125
1 0.34375 0.2203125 0.13984375 0.12578125
1 0.8640625 0.74765625 0.09140625 0.08671875
1 0.08203125 0.32578125 0.1109375 0.1203125
1 0.20859375 0.2390625 0.10234375 0.103125
1 0.4875 0.7125 0.0859375 0.09140625
1 0.3515625 0.62734375 0.10234375 0.08125
1 0.85 0.57578125 0.1265625 0.10390625
1 0.340625 0.3546875 0.1234375 0.11640625
1 0.3921875 0.81015625 0.075 0.06953125
1 0.48671875 0.16171875 0.0796875 0.096875
1 0.77578125 0.04296875 0.1171875 0.0859375
1 0.21953125 0.4671875 0.1140625 0.11015625
1 0.96953125 0.396875 0.06015625 0.13046875
1 0.2453125 0.5578125 0.07421875 0.090625
1 0.08359375 0.096875 0.0796875 0.10546875
1 0.075 0.1828125 0.05078125 0.0734375
1 0.08359375 0.00703125 0.0390625 0.0140625
1 0.21015625 0.03984375 0.0578125 0.0796875
1 0.20234375 0.134375 0.08671875 0.090625
1 0.340625 0.0359375 0.06953125 0.07109375
1 0.3625 0.1171875 0.0890625 0.09296875
1 0.346875 0.53984375 0.0640625 0.07890625
1 0.2515625 0.67578125 0.07265625 0.0609375
1 0.12109375 0.5046875 0.06171875 0.0765625
1 0.16328125 0.73125 0.10234375 0.1
1 0.4671875 0.5921875 0.06171875 0.04765625
1 0.471875 0.50546875 0.08046875 0.08828125
1 0.46875 0.39921875 0.09921875 0.12734375
1 0.47734375 0.29296875 0.08671875 0.11328125
1 0.478125 0.0640625 0.0703125 0.128125
1 0.63125 0.02265625 0.053125 0.0453125
1 0.6359375 0.1265625 0.08203125 0.0875
1 0.609375 0.6765625 0.13203125 0.13984375
1 0.71484375 0.4578125 0.07109375 0.09765625
1 0.75 0.25234375 0.10546875 0.11953125
1 0.76953125 0.14609375 0.078125 0.1265625
1 0.85625 0.46953125 0.10625 0.10546875
1 0.8671875 0.37734375 0.10625 0.10078125
1 0.8859375 0.24375 0.13125 0.159375
1 0.9046875 0.1125 0.10390625 0.12578125
1 0.925 0.03671875 0.134375 0.0734375
1 0.98984375 0.5640625 0.0203125 0.11171875
1 0.9703125 0.68828125 0.059375 0.1390625
1 0.97890625 0.85234375 0.0421875 0.075
1 0.96796875 0.771875 0.0640625 0.090625