1 0.53515625 0.609375 0.0765625 0.06328125
1 0.15625 0.61484375 0.0953125 0.07578125
1 0.34609375 0.63125 0.10625 0.10234375
1 0.70390625 0.66484375 0.14453125 0.0890625
1 0.509375 0.26953125 0.09296875 0.075
1 0.665625 0.57734375 0.1453125 0.0734375
1 0.13125 0.52578125 0.13828125 0.1
1 0.16875 0.6921875 0.10390625 0.08828125
1 0.49296875 0.4359375 0.13359375 0.09453125
1 0.890625 0.5453125 0.1359375 0.0859375
1 0.6875 0.2484375 0.12890625 0.1109375
1 0.69296875 0.17265625 0.0546875 0.05234375
1 0.89921875 0.7390625 0.1078125 0.11875
1 0.5109375 0.7515625 0.14453125 0.0859375
1 0.32890625 0.521875 0.18125 0.09609375
1 0.30703125 0.42734375 0.13671875 0.08125
1 0.31953125 0.35703125 0.13671875 0.0609375
1 0.04609375 0.61171875 0.0921875 0.1234375
1 0.125 0.30859375 0.15390625 0.13125
1 0.32109375 0.246875 0.15546875 0.13125
1 0.17578125 0.11640625 0.12890625 0.1375
1 0.34140625 0.12109375 0.12734375 0.128125
1 0.5234375 0.11171875 0.15703125 0.12578125
1 0.71015625 0.08125 0.14296875 0.09296875
1 0.87421875 0.1640625 0.15546875 0.09609375
1 0.87890625 0.2890625 0.15546875 0.10859375
1 0.6828125 0.42734375 0.1125 0.090625
1 0.83671875 0.434375 0.14140625 0.10546875
1 0.0328125 0.13671875 0.06484375 0.13984375
1 0.02734375 0.3140625 0.05390625 0.15234375
1 0.034375 0.71171875 0.06796875 0.12109375
1 0.49453125 0.35625 0.0859375 0.1015625