1 0.29140625 0.4265625 0.078125 0.07578125
1 0.05078125 0.40234375 0.06171875 0.0859375
1 0.4203125 0.74140625 0.08671875 0.0640625
1 0.7078125 0.68984375 0.065625 0.071875
1 0.47265625 0.0171875 0.0984375 0.034375
1 0.9578125 0.65703125 0.084375 0.07109375
1 0.1703125 0.3796875 0.11171875 0.08984375
1 0.9640625 0.78828125 0.071875 0.0875
1 0.8234375 0.76015625 0.140625 0.0953125
1 0.684375 0.83984375 0.07578125 0.06484375
1 0.5375 0.80859375 0.07265625 0.1125
1 0.8453125 0.9453125 0.0796875 0.1
1 0.9796875 0.92734375 0.040625 0.1265625
1 0.8296875 0.64375 0.08359375 0.09296875
1 0.95546875 0.55078125 0.08515625 0.1265625
1 0.775 0.39921875 0.0765625 0.07578125
1 0.690625 0.390625 0.07109375 0.065625
1 0.53984375 0.54609375 0.08671875 0.11875
1 0.403125 0.603125 0.0609375 0.0890625
1 0.421875 0.48203125 0.05546875 0.0890625
1 0.2875 0.5640625 0.04921875 0.11328125
1 0.27109375 0.74375 0.0828125 0.08125
1 0.23203125 0.934375 0.08359375 0.12890625
1 0.11640625 0.753125 0.0625 0.14609375
1 0.06484375 0.9078125 0.1 0.1046875
1 0.0359375 0.5515625 0.071875 0.10703125
1 0.128125 0.5484375 0.0671875 0.07734375
1 0.0578125 0.27578125 0.11484375 0.1078125
1 0.91484375 0.4171875 0.08046875 0.1015625
1 0.93671875 0.28984375 0.06015625 0.1125
1 0.79375 0.25859375 0.0828125 0.09140625
1 0.90546875 0.140625 0.08046875 0.090625
1 0.8 0.17109375 0.10625 0.08671875
1 0.6578125 0.20546875 0.0828125 0.1265625
1 0.80234375 0.03828125 0.0796875 0.0765625
1 0.57890625 0.0453125 0.0796875 0.090625
1 0.48671875 0.1390625 0.0765625 0.1109375
1 0.35625 0.109375 0.096875 0.0828125
1 0.3484375 0.18046875 0.07890625 0.0828125
1 0.440625 0.3765625 0.05859375 0.0875
1 0.55390625 0.375 0.06328125 0.07109375
1 0.25234375 0.03984375 0.10078125 0.0796875
1 0.36796875 0.02578125 0.06484375 0.0515625
1 0.20546875 0.16875 0.0796875 0.06484375
1 0.06796875 0.14375 0.0765625 0.08359375
1 0.1171875 0.025 0.05234375 0.05
1 0.52578125 0.94765625 0.06796875 0.0734375