1 0.03046875 0.63828125 0.0609375 0.1015625
1 0.7484375 0.8265625 0.10078125 0.08671875
1 0.9390625 0.84921875 0.121875 0.13125
1 0.13359375 0.2859375 0.09921875 0.1046875
1 0.54453125 0.596875 0.09921875 0.10703125
1 0.9421875 0.59921875 0.1078125 0.090625
1 0.16015625 0.409375 0.1015625 0.0734375
1 0.17890625 0.83359375 0.07578125 0.075
1 0.57421875 0.8515625 0.09375 0.0859375
1 0.53046875 0.34765625 0.0625 0.09296875
1 0.32109375 0.52578125 0.115625 0.1265625
1 0.37421875 0.97578125 0.0671875 0.0484375
1 0.5296875 0.221875 0.0859375 0.08203125
1 0.56953125 0.72421875 0.096875 0.11015625
1 0.74453125 0.946875 0.10625 0.0859375
1 0.746875 0.98125 0.1 0.0375
1 0.55390625 0.9578125 0.1640625 0.084375
1 0.7515625 0.70390625 0.1171875 0.1109375
1 0.75546875 0.5609375 0.128125 0.1265625
1 0.94453125 0.33671875 0.1109375 0.153125
1 0.96171875 0.21875 0.0765625 0.11484375
1 0.9421875 0.0828125 0.115625 0.1453125
1 0.76015625 0.06796875 0.1671875 0.1359375
1 0.75703125 0.16328125 0.134375 0.14765625
1 0.7640625 0.29375 0.0984375 0.1046875
1 0.7375 0.43515625 0.10625 0.1
1 0.5265625 0.06484375 0.084375 0.12890625
1 0.30859375 0.1359375 0.096875 0.12890625
1 0.3140625 0.0296875 0.0984375 0.059375
1 0.14609375 0.14296875 0.1171875 0.1109375
1 0.11796875 0.03515625 0.103125 0.06953125
1 0.1484375 0.5125 0.1 0.12890625
1 0.1625 0.6265625 0.103125 0.08984375
1 0.1859375 0.9546875 0.1375 0.090625
1 0.01953125 0.753125 0.03828125 0.11875