1 0.4296875 0.35234375 0.08671875 0.08125
1 0.97578125 0.09609375 0.0484375 0.0796875
1 0.59609375 0.35 0.07734375 0.0828125
1 0.26171875 0.13515625 0.10703125 0.09453125
1 0.0125 0.5953125 0.025 0.1
1 0.3046875 0.8609375 0.10078125 0.12734375
1 0.6015625 0.21953125 0.0734375 0.10625
1 0.74765625 0.08203125 0.08046875 0.10078125
1 0.57265625 0.08046875 0.08125 0.0953125
1 0.92109375 0.42890625 0.06875 0.059375
1 0.0109375 0.03828125 0.021875 0.0765625
1 0.07890625 0.05234375 0.0734375 0.1046875
1 0.009375 0.31640625 0.01875 0.090625
1 0.01953125 0.459375 0.0390625 0.0796875
1 0.11796875 0.31796875 0.06328125 0.11484375
1 0.11875 0.45234375 0.0875 0.065625
1 0.13046875 0.596875 0.05625 0.08125
1 0.03828125 0.75546875 0.053125 0.0875
1 0.18515625 0.715625 0.103125 0.0625
1 0.0390625 0.92890625 0.078125 0.0734375
1 0.16171875 0.86328125 0.0890625 0.184375
1 0.46484375 0.97265625 0.0734375 0.0546875
1 0.465625 0.8390625 0.1375 0.0859375
1 0.4515625 0.66640625 0.0671875 0.09765625
1 0.31796875 0.7140625 0.08359375 0.065625
1 0.29140625 0.5484375 0.0890625 0.13984375
1 0.271875 0.415625 0.06875 0.07578125
1 0.25546875 0.28671875 0.07890625 0.1
1 0.26484375 0.03125 0.0578125 0.0625
1 0.42265625 0.1125 0.0625 0.09140625
1 0.428125 0.22890625 0.04921875 0.09140625
1 0.36796875 0.23046875 0.03203125 0.05078125
1 0.45625 0.50390625 0.06328125 0.09765625
1 0.59375 0.51015625 0.09140625 0.1
1 0.62578125 0.853125 0.0875 0.0859375
1 0.65078125 0.9796875 0.0734375 0.03984375
1 0.85078125 0.93828125 0.075 0.12265625
1 0.84375 0.78828125 0.08046875 0.0828125
1 0.8296875 0.646875 0.1109375 0.15
1 0.7796875 0.5 0.0609375 0.0828125
1 0.61484375 0.66015625 0.0671875 0.146875
1 0.76796875 0.2078125 0.07109375 0.07265625
1 0.75 0.33984375 0.06875 0.05078125
1 0.8515625 0.05 0.0671875 0.09453125
1 0.86171875 0.16015625 0.0828125 0.11015625
1 0.97109375 0.9453125 0.0578125 0.109375