2 0.59296875 0.20390625 0.11796875 0.0859375
2 0.25234375 0.028125 0.1328125 0.05625
2 0.43125 0.0265625 0.1125 0.053125
2 0.17421875 0.3953125 0.1015625 0.0640625
2 0.6640625 0.51953125 0.1046875 0.0890625
2 0.2375 0.57734375 0.12578125 0.09921875
2 0.7046875 0.08984375 0.1125 0.075
2 0.96171875 0.4390625 0.0765625 0.07734375
2 0.46328125 0.26875 0.1109375 0.08203125
2 0.37421875 0.478125 0.09921875 0.06875
2 0.11875 0.696875 0.11328125 0.071875
2 0.2953125 0.28515625 0.1421875 0.0890625
2 0.946875 0.2953125 0.10625 0.08046875
2 0.8296875 0.03828125 0.08984375 0.0625
2 0.0515625 0.27890625 0.09921875 0.05859375
2 0.72578125 0.203125 0.12109375 0.08828125
2 0.7515625 0.64140625 0.08125 0.06171875
2 0.14296875 0.2609375 0.10078125 0.0796875
2 0.81953125 0.35234375 0.16640625 0.0640625
2 0.5265625 0.540625 0.09375 0.08671875
2 0.3703125 0.5640625 0.10078125 0.0796875
2 0.98203125 0.5984375 0.0359375 0.0875
2 0.87734375 0.6265625 0.128125 0.090625
2 0.98984375 0.71796875 0.0203125 0.0890625
2 0.7921875 0.78515625 0.11796875 0.10859375
2 0.65 0.90234375 0.12734375 0.09765625
2 0.95078125 0.96953125 0.09765625 0.0609375
2 0.48046875 0.93984375 0.13671875 0.10859375
2 0.57578125 0.6828125 0.1484375 0.10234375
2 0.425 0.6734375 0.12265625 0.09453125
2 0.290625 0.68359375 0.1140625 0.0921875
2 0.63828125 0.80078125 0.1234375 0.046875
2 0.3125 0.8125 0.1046875 0.10390625
2 0.1421875 0.81171875 0.13984375 0.11015625
2 0.07734375 0.9125 0.1546875 0.071875
2 0.35625 0.934375 0.0765625 0.09296875
2 0.025 0.6640625 0.04921875 0.10859375
2 0.0921875 0.55546875 0.1171875 0.084375
2 0.009375 0.5515625 0.01875 0.0796875
2 0.1140625 0.1484375 0.15859375 0.08046875
2 0.85703125 0.4734375 0.11328125 0.08046875
2 0.8484375 0.934375 0.1046875 0.0875
2 0.9421875 0.83203125 0.11484375 0.0890625