1 0.3390625 0.2078125 0.090625 0.08671875
1 0.12421875 0.2703125 0.0796875 0.09453125
1 0.90625 0.296875 0.0859375 0.07421875
1 0.4734375 0.51171875 0.10390625 0.1
1 0.1359375 0.18984375 0.084375 0.06953125
1 0.44609375 0.21484375 0.07421875 0.0734375
1 0.59296875 0.6953125 0.11328125 0.09296875
1 0.34453125 0.54765625 0.11328125 0.09765625
1 0.196875 0.775 0.10703125 0.10234375
1 0.22734375 0.28984375 0.10546875 0.109375
1 0.0203125 0.18828125 0.040625 0.06953125
1 0.47734375 0.725 0.11015625 0.12265625
1 0.03515625 0.93828125 0.0703125 0.0796875
1 0.56953125 0.30859375 0.09765625 0.121875
1 0.92109375 0.39453125 0.0859375 0.1078125
1 0.8953125 0.21875 0.103125 0.08515625
1 0.06015625 0.87109375 0.1203125 0.10078125
1 0.1015625 0.3609375 0.09140625 0.115625
1 0.771875 0.2484375 0.0703125 0.0796875
1 0.01796875 0.32109375 0.03515625 0.08046875
1 0.9859375 0.32109375 0.028125 0.12109375
1 0.8328125 0.953125 0.090625 0.09375
1 0.55859375 0.21875 0.071875 0.0875
1 0.23515625 0.2171875 0.09609375 0.06875
1 0.01171875 0.41328125 0.0234375 0.0765625
1 0.00703125 0.584375 0.01328125 0.0640625
1 0.065625 0.76171875 0.09765625 0.11171875
1 0.07265625 0.653125 0.0859375 0.11796875
1 0.084375 0.5375 0.10234375 0.10078125
1 0.0953125 0.4625 0.11640625 0.096875
1 0.16328125 0.9625 0.10625 0.075
1 0.17734375 0.884375 0.10390625 0.10234375
1 0.19609375 0.67578125 0.10234375 0.0921875
1 0.20703125 0.5828125 0.14140625 0.10390625
1 0.23046875 0.43828125 0.10703125 0.1796875
1 0.35625 0.29609375 0.05390625 0.06953125
1 0.3609375 0.3671875 0.07109375 0.07890625
1 0.359375 0.4640625 0.08515625 0.0546875
1 0.3328125 0.66171875 0.078125 0.0734375
1 0.34140625 0.76328125 0.1046875 0.0921875
1 0.31484375 0.8296875 0.084375 0.08125
1 0.3140625 0.89609375 0.12421875 0.0984375
1 0.31015625 0.97421875 0.1046875 0.0515625
1 0.46171875 0.9671875 0.103125 0.06484375
1 0.4671875 0.86484375 0.11484375 0.1875
1 0.60625 0.89765625 0.109375 0.12421875
1 0.6109375 0.9609375 0.10234375 0.078125
1 0.6171875 0.7671875 0.0984375 0.1328125
1 0.6078125 0.5828125 0.11796875 0.13125
1 0.6109375 0.4984375 0.0953125 0.078125
1 0.59765625 0.4109375 0.11328125 0.0828125
1 0.47578125 0.42890625 0.075 0.0875
1 0.4625 0.3578125 0.06640625 0.05703125
1 0.45390625 0.2859375 0.09140625 0.0734375
1 0.684375 0.30625 0.07734375 0.07109375
1 0.6921875 0.39140625 0.090625 0.1046875
1 0.7109375 0.5015625 0.096875 0.11171875
1 0.7203125 0.5890625 0.096875 0.10703125
1 0.7328125 0.72109375 0.10390625 0.146875
1 0.72421875 0.8296875 0.065625 0.06640625
1 0.70234375 0.9359375 0.0859375 0.128125
1 0.85625 0.8671875 0.11171875 0.09921875
1 0.846875 0.73125 0.125 0.12421875
1 0.83203125 0.603125 0.090625 0.11640625
1 0.81796875 0.48984375 0.10859375 0.1140625
1 0.81640625 0.3734375 0.1 0.1046875
1 0.94140625 0.50390625 0.1109375 0.11796875
1 0.9609375 0.6171875 0.078125 0.115625
1 0.9546875 0.82578125 0.090625 0.1796875
1 0.94609375 0.9375 0.10703125 0.125