1 0.47890625 0.1125 0.296875 0.18203125
1 0.7359375 0.1515625 0.12578125 0.15078125
1 0.92421875 0.20546875 0.1515625 0.0890625
1 0.2765625 0.15546875 0.17109375 0.16171875
1 0.06328125 0.275 0.1265625 0.18125
1 0.040625 0.10625 0.08125 0.12734375
1 0.06328125 0.465625 0.1265625 0.18203125
1 0.26328125 0.47109375 0.1328125 0.16484375
1 0.4875 0.3984375 0.1171875 0.14609375
1 0.7140625 0.35625 0.11875 0.165625
1 0.253125 0.69921875 0.184375 0.17578125
1 0.45859375 0.75234375 0.14453125 0.1953125
1 0.63125 0.7734375 0.121875 0.15546875
1 0.96484375 0.81015625 0.0703125 0.1640625