2 0.7609375 0.68828125 0.1046875 0.06484375
2 0.3359375 0.159375 0.1171875 0.08203125
2 0.93671875 0.78203125 0.0796875 0.05234375
2 0.27734375 0.9390625 0.15703125 0.07578125
2 0.3421875 0.63671875 0.06328125 0.04765625
2 0.21015625 0.1359375 0.1171875 0.0875
2 0.54140625 0.36484375 0.153125 0.096875
2 0.5484375 0.8609375 0.08203125 0.071875
2 0.84921875 0.81484375 0.07734375 0.04921875
2 0.671875 0.8375 0.0796875 0.05859375
2 0.40625 0.9015625 0.0859375 0.05234375
2 0.2421875 0.80859375 0.09453125 0.0625
2 0.33984375 0.76484375 0.07109375 0.06328125
2 0.62578125 0.71015625 0.08359375 0.0609375
2 0.47890625 0.73984375 0.1171875 0.0625
2 0.45078125 0.61875 0.10078125 0.0578125
2 0.31796875 0.56640625 0.109375 0.06484375
2 0.19765625 0.69296875 0.13984375 0.096875
2 0.2671875 0.3984375 0.1265625 0.0671875
2 0.53671875 0.4921875 0.10703125 0.06875
2 0.73046875 0.45234375 0.1234375 0.096875
2 0.89296875 0.565625 0.153125 0.07734375
2 0.8421875 0.415625 0.09375 0.07421875
2 0.8359375 0.31875 0.134375 0.1078125
2 0.67578125 0.3375 0.134375 0.06953125
2 0.77890625 0.2265625 0.090625 0.07578125
2 0.6484375 0.24140625 0.10078125 0.0625
2 0.525 0.240625 0.0859375 0.05546875
2 0.3546875 0.26796875 0.109375 0.06953125
2 0.11328125 0.3109375 0.1375 0.08828125
2 0.07890625 0.17578125 0.1234375 0.1
2 0.084375 0.08203125 0.11953125 0.090625
2 0.18515625 0.03828125 0.0890625 0.07578125
2 0.30078125 0.03515625 0.10078125 0.0703125
2 0.4453125 0.03046875 0.13359375 0.0609375
2 0.48125 0.13828125 0.1015625 0.1078125
2 0.61796875 0.1171875 0.159375 0.09453125
2 0.58359375 0.0265625 0.10625 0.05234375
2 0.75078125 0.10625 0.1 0.11015625
2 0.9234375 0.1109375 0.11875 0.078125
2 0.91875 0.0203125 0.0875 0.040625
2 0.3609375 0.46953125 0.09375 0.05078125