1 0.5703125 0.36015625 0.09921875 0.11171875
1 0.60625 0.728125 0.08671875 0.1109375
1 0.67109375 0.171875 0.08046875 0.06953125
1 0.26875 0.846875 0.11015625 0.09609375
1 0.80703125 0.21171875 0.0921875 0.07734375
1 0.42265625 0.38984375 0.10703125 0.0953125
1 0.45234375 0.44609375 0.090625 0.08203125
1 0.25390625 0.1640625 0.065625 0.05
1 0.634375 0.9578125 0.09921875 0.07890625
1 0.2984375 0.771875 0.0765625 0.05546875
1 0.02109375 0.32734375 0.04140625 0.09140625
1 0.0296875 0.2390625 0.059375 0.08671875
1 0.0421875 0.1578125 0.07578125 0.078125
1 0.415625 0.24296875 0.0515625 0.06484375
1 0.8015625 0.89140625 0.11796875 0.178125
1 0.9421875 0.81484375 0.0890625 0.13125
1 0.87421875 0.496875 0.09375 0.17578125
1 0.44375 0.790625 0.11953125 0.1546875
1 0.42890625 0.58671875 0.0828125 0.1140625
1 0.2953125 0.57578125 0.0796875 0.0890625
1 0.26484375 0.45390625 0.05390625 0.1125
1 0.28828125 0.309375 0.0703125 0.12265625
1 0.4046875 0.140625 0.05703125 0.078125
1 0.5328125 0.1734375 0.0671875 0.0890625
1 0.7 0.3125 0.0609375 0.09140625
1 0.7203125 0.48515625 0.0703125 0.15234375
1 0.73359375 0.66875 0.05390625 0.1015625
1 0.94453125 0.23828125 0.11015625 0.1546875
1 0.13828125 0.25078125 0.10390625 0.125
1 0.10546875 0.41640625 0.0890625 0.1375
1 0.10390625 0.65390625 0.13671875 0.13125
1 0.1203125 0.54921875 0.11953125 0.10390625
1 0.06875 0.78046875 0.11796875 0.1671875
1 0.2671875 0.95 0.12578125 0.0953125
1 0.5609375 0.50625 0.12421875 0.11875
1 0.92109375 0.590625 0.0734375 0.12734375