1 0.1453125 0.34765625 0.1015625 0.10625
1 0.5234375 0.625 0.11640625 0.07421875
1 0.33046875 0.71171875 0.13828125 0.08046875
1 0.325 0.615625 0.13203125 0.1046875
1 0.3328125 0.5375 0.1328125 0.08515625
1 0.1125 0.67265625 0.16875 0.13203125
1 0.159375 0.62109375 0.09609375 0.08671875
1 0.740625 0.7359375 0.0953125 0.10625
1 0.875 0.38046875 0.13046875 0.084375
1 0.1625 0.26328125 0.109375 0.07890625
1 0.54453125 0.3546875 0.103125 0.1015625
1 0.5203125 0.71328125 0.11796875 0.09765625
1 0.496875 0.53046875 0.1234375 0.0734375
1 0.1171875 0.496875 0.19296875 0.121875
1 0.7 0.5671875 0.11640625 0.14921875
1 0.9078125 0.5734375 0.10078125 0.10234375
1 0.91953125 0.68359375 0.075 0.10234375
1 0.69375 0.4515625 0.1078125 0.10703125
1 0.890625 0.47734375 0.1109375 0.07734375
1 0.52265625 0.4359375 0.165625 0.0890625
1 0.33203125 0.434375 0.1671875 0.13515625
1 0.33125 0.29375 0.14765625 0.153125
1 0.5484375 0.253125 0.16171875 0.11953125
1 0.746875 0.25703125 0.10234375 0.11953125
1 0.9171875 0.278125 0.12734375 0.15078125
1 0.940625 0.1328125 0.11796875 0.0875
1 0.73671875 0.1359375 0.1828125 0.1390625
1 0.5421875 0.1375 0.14453125 0.115625
1 0.35625 0.090625 0.18125 0.11796875
1 0.34453125 0.17890625 0.1875 0.090625
1 0.196875 0.07578125 0.1359375 0.12578125
1 0.0234375 0.27890625 0.046875 0.08671875
1 0.0609375 0.06875 0.121875 0.1375