1 0.7875 0.1765625 0.090625 0.09921875
1 0.13203125 0.471875 0.13203125 0.0875
1 0.8484375 0.63984375 0.11328125 0.08984375
1 0.84296875 0.7203125 0.19296875 0.0875
1 0.60859375 0.778125 0.121875 0.084375
1 0.3859375 0.80234375 0.153125 0.06796875
1 0.68359375 0.6875 0.075 0.08984375
1 0.659375 0.56640625 0.09765625 0.10234375
1 0.67109375 0.46328125 0.08203125 0.046875
1 0.821875 0.5078125 0.07109375 0.08515625
1 0.821875 0.43046875 0.08984375 0.0609375
1 0.80859375 0.3296875 0.0859375 0.07421875
1 0.790625 0.26015625 0.09375 0.06796875
1 0.96796875 0.25625 0.06328125 0.09609375
1 0.95859375 0.346875 0.08203125 0.071875
1 0.615625 0.2359375 0.084375 0.0484375
1 0.63671875 0.19296875 0.04765625 0.0359375
1 0.63046875 0.29765625 0.146875 0.05703125
1 0.6484375 0.384375 0.1 0.06484375
1 0.42890625 0.6859375 0.1296875 0.0796875
1 0.44921875 0.6109375 0.08203125 0.08046875
1 0.4515625 0.47890625 0.1 0.0484375
1 0.4671875 0.4125 0.09921875 0.07734375
1 0.50234375 0.3453125 0.0859375 0.0578125
1 0.4546875 0.2734375 0.11875 0.059375
1 0.3078125 0.259375 0.1453125 0.0765625
1 0.296875 0.4546875 0.1375 0.05546875
1 0.22109375 0.54765625 0.1125 0.07421875
1 0.20859375 0.665625 0.1 0.08515625
1 0.16875 0.76640625 0.134375 0.08359375
1 0.0796875 0.3734375 0.075 0.084375
1 0.140625 0.146875 0.1390625 0.05859375
1 0.3 0.16484375 0.0609375 0.059375
1 0.4453125 0.17734375 0.06875 0.04296875
1 0.11171875 0.2625 0.0703125 0.07734375
1 0.04140625 0.5921875 0.0828125 0.11640625