1 0.784375 0.95 0.06875 0.0609375
1 0.66171875 0.9515625 0.0796875 0.075
1 0.5640625 0.95390625 0.07578125 0.0546875
1 0.45546875 0.9484375 0.1046875 0.06015625
1 0.34140625 0.94375 0.1203125 0.059375
1 0.2109375 0.94609375 0.11328125 0.05234375
1 0.08203125 0.9296875 0.08828125 0.06875
1 0.06796875 0.81640625 0.06328125 0.03046875
1 0.19765625 0.825 0.1171875 0.0578125
1 0.3390625 0.8390625 0.04765625 0.05234375
1 0.42734375 0.825 0.11171875 0.06328125
1 0.559375 0.8578125 0.0828125 0.0625
1 0.69296875 0.84296875 0.12890625 0.0640625
1 0.796875 0.83203125 0.05703125 0.03125
1 0.79453125 0.7078125 0.05703125 0.03125
1 0.58125 0.7046875 0.0828125 0.02734375
1 0.4890625 0.71328125 0.0375 0.059375
1 0.425 0.72109375 0.0375 0.03671875
1 0.3578125 0.70234375 0.05703125 0.0328125
1 0.2640625 0.71640625 0.07109375 0.0625
1 0.17890625 0.71171875 0.0671875 0.0546875
1 0.09296875 0.7015625 0.06328125 0.04609375
1 0.03671875 0.590625 0.04765625 0.04921875
1 0.02890625 0.64921875 0.01015625 0.00546875
1 0.13515625 0.59375 0.065625 0.0546875
1 0.2359375 0.5953125 0.04921875 0.04296875
1 0.171875 0.62265625 0.0140625 0.003125
1 0.34375 0.590625 0.06875 0.0515625
1 0.43125 0.5953125 0.08984375 0.034375
1 0.56953125 0.58046875 0.07578125 0.0421875
1 0.70390625 0.55546875 0.05859375 0.05546875
1 0.81875 0.57265625 0.05859375 0.05390625
1 0.70234375 0.6984375 0.04921875 0.04453125
1 0.88671875 0.46484375 0.06328125 0.06640625
1 0.78125 0.4609375 0.05 0.04453125
1 0.68125 0.496875 0.0546875 0.0453125
1 0.55078125 0.4671875 0.04375 0.03671875
1 0.45703125 0.4703125 0.07109375 0.06015625
1 0.34140625 0.4703125 0.08125 0.06640625
1 0.23203125 0.50625 0.05859375 0.0546875
1 0.11953125 0.4890625 0.07734375 0.0609375
1 0.03515625 0.50234375 0.06171875 0.0734375
1 0.0328125 0.38203125 0.06015625 0.0453125
1 0.13984375 0.3859375 0.109375 0.04765625
1 0.24296875 0.378125 0.08828125 0.05078125
1 0.3328125 0.37421875 0.03359375 0.0578125
1 0.47578125 0.3625 0.08125 0.04765625
1 0.59375 0.35390625 0.07578125 0.07578125
1 0.7078125 0.3375 0.096875 0.08359375
1 0.84609375 0.33359375 0.04921875 0.034375
1 0.01328125 0.278125 0.0265625 0.046875
1 0.096875 0.2984375 0.053125 0.03046875
1 0.18515625 0.27890625 0.04375 0.04765625
1 0.28046875 0.2671875 0.0375 0.0625
1 0.3984375 0.265625 0.090625 0.03984375
1 0.52734375 0.2734375 0.065625 0.075
1 0.625 0.24375 0.0828125 0.05390625
1 0.80390625 0.2125 0.14453125 0.06640625
1 0.76015625 0.2234375 0.09765625 0.0359375
1 0.80625 0.08671875 0.16796875 0.06015625
1 0.61796875 0.10234375 0.0828125 0.0578125
1 0.50625 0.1203125 0.08828125 0.04453125
1 0.3921875 0.14140625 0.11171875 0.084375
1 0.26796875 0.1671875 0.0796875 0.05546875
1 0.1796875 0.171875 0.04609375 0.059375
1 0.09609375 0.18984375 0.096875 0.04765625
1 0.69921875 0.06328125 0.05703125 0.05234375
1 0.821875 0.00546875 0.0953125 0.01015625
1 0.71875 0.01015625 0.1 0.0203125
1 0.60859375 0.01015625 0.0671875 0.01953125
1 0.4953125 0.02734375 0.08515625 0.0546875
1 0.38359375 0.03515625 0.0640625 0.0453125
1 0.29453125 0.046875 0.07109375 0.0390625
1 0.20234375 0.06875 0.096875 0.0546875
1 0.1140625 0.075 0.096875 0.0484375
1 0.0078125 0.10703125 0.015625 0.04140625