1 0.496875 0.33984375 0.13515625 0.08125
1 0.4953125 0.24609375 0.0984375 0.08125
1 0.05546875 0.22734375 0.1109375 0.09140625
1 0.171875 0.65 0.1015625 0.1109375
1 0.25078125 0.23359375 0.178125 0.07109375
1 0.30859375 0.35 0.1578125 0.05546875
1 0.35 0.46015625 0.15 0.06796875
1 0.075 0.34140625 0.14921875 0.0984375
1 0.10625 0.46015625 0.171875 0.0890625
1 0.70390625 0.2828125 0.1734375 0.0796875
1 0.72578125 0.38828125 0.10703125 0.10078125
1 0.5421875 0.51484375 0.16796875 0.07109375
1 0.51171875 0.39609375 0.13515625 0.0890625
1 0.18828125 0.56953125 0.15 0.084375
1 0.01796875 0.5734375 0.0359375 0.1203125
1 0.015625 0.675 0.03125 0.075
1 0.02578125 0.79921875 0.0515625 0.0875
1 0.21640625 0.7359375 0.09609375 0.0765625
1 0.1953125 0.8 0.13203125 0.04453125
1 0.17578125 0.8796875 0.1015625 0.075
1 0.37265625 0.9 0.12734375 0.05859375
1 0.40546875 0.82109375 0.078125 0.08984375
1 0.3921875 0.65703125 0.12578125 0.0953125
1 0.4 0.5578125 0.13984375 0.08515625
1 0.75 0.46796875 0.11328125 0.07265625
1 0.73984375 0.5609375 0.12265625 0.06015625
1 0.77109375 0.6390625 0.140625 0.07109375
1 0.75703125 0.70703125 0.121875 0.0609375
1 0.734375 0.815625 0.07890625 0.0765625
1 0.71640625 0.92265625 0.11171875 0.0625
1 0.89765625 0.93828125 0.1671875 0.0703125
1 0.915625 0.803125 0.09921875 0.0640625
1 0.9078125 0.72890625 0.12578125 0.071875
1 0.9390625 0.6453125 0.12109375 0.0671875
1 0.94765625 0.5625 0.1046875 0.04375
1 0.9453125 0.478125 0.10859375 0.06328125
1 0.946875 0.3890625 0.10625 0.0765625
1 0.94765625 0.275 0.1046875 0.08671875
1 0.575 0.6234375 0.1140625 0.1015625
1 0.5703125 0.678125 0.1171875 0.0765625
1 0.57109375 0.77890625 0.15546875 0.0671875
1 0.540625 0.8578125 0.1265625 0.06015625