1 0.88203125 0.77421875 0.09765625 0.06328125
1 0.80859375 0.79609375 0.084375 0.0734375
1 0.71328125 0.84375 0.10234375 0.06796875
1 0.64375 0.82734375 0.07734375 0.0765625
1 0.54609375 0.86875 0.14296875 0.05625
1 0.9703125 0.65390625 0.05859375 0.10859375
1 0.88671875 0.67421875 0.1109375 0.1140625
1 0.80546875 0.684375 0.0734375 0.07109375
1 0.72421875 0.7046875 0.1 0.053125
1 0.6375 0.7109375 0.08984375 0.08125
1 0.54921875 0.721875 0.10703125 0.078125
1 0.45390625 0.7390625 0.125 0.10625
1 0.3578125 0.75078125 0.1109375 0.0640625
1 0.27265625 0.7703125 0.1265625 0.08984375
1 0.225 0.6734375 0.11953125 0.090625
1 0.3390625 0.64296875 0.10390625 0.0953125
1 0.46640625 0.64296875 0.11953125 0.075
1 0.63671875 0.6171875 0.18984375 0.06796875
1 0.871875 0.58671875 0.25625 0.0578125
1 0.5359375 0.15546875 0.09453125 0.084375
1 0.6421875 0.16015625 0.0984375 0.1
1 0.7609375 0.1609375 0.11640625 0.0796875
1 0.92265625 0.15625 0.1140625 0.0953125
1 0.5765625 0.28359375 0.12890625 0.08359375
1 0.30234375 0.30625 0.15234375 0.08359375
1 0.2609375 0.421875 0.10546875 0.0984375
1 0.41328125 0.415625 0.096875 0.09921875
1 0.5125 0.3953125 0.07734375 0.090625
1 0.59921875 0.3859375 0.09296875 0.09296875
1 0.15859375 0.30546875 0.12890625 0.1046875
1 0.06015625 0.45546875 0.11796875 0.1
1 0.1703125 0.4609375 0.08984375 0.1359375
1 0.48359375 0.51015625 0.1015625 0.05859375
1 0.57890625 0.49375 0.08046875 0.0703125
1 0.74453125 0.4859375 0.0765625 0.08125
1 0.81484375 0.36875 0.10234375 0.05546875
1 0.90859375 0.46328125 0.0984375 0.0421875
1 0.05390625 0.7 0.0859375 0.10859375
1 0.02734375 0.571875 0.05390625 0.078125
1 0.1265625 0.5765625 0.0890625 0.06875
1 0.34375 0.2 0.15703125 0.06171875
1 0.05546875 0.046875 0.10859375 0.0859375
1 0.16328125 0.04375 0.1015625 0.084375
1 0.28125 0.03671875 0.13203125 0.071875
1 0.39921875 0.03359375 0.0984375 0.0609375
1 0.48125 0.028125 0.065625 0.05234375
1 0.578125 0.02265625 0.0984375 0.04375
1 0.6921875 0.03046875 0.05625 0.0609375
1 0.17890625 0.17578125 0.09140625 0.084375
1 0.06484375 0.17734375 0.09609375 0.0875
1 0.02734375 0.30625 0.05390625 0.0984375