1 0.3640625 0.8625 0.121875 0.1
1 0.38203125 0.55703125 0.09140625 0.0859375
1 0.21171875 0.70078125 0.1515625 0.11796875
1 0.07890625 0.4703125 0.08828125 0.0796875
1 0.55078125 0.41171875 0.13125 0.1109375
1 0.4140625 0.41953125 0.1125 0.14453125
1 0.253125 0.58203125 0.09140625 0.09765625
1 0.2765625 0.22109375 0.1375 0.1140625
1 0.54375 0.3015625 0.11484375 0.1328125
1 0.7796875 0.55546875 0.08828125 0.0640625
1 0.19453125 0.88359375 0.1078125 0.09375
1 0.93046875 0.91953125 0.0796875 0.1140625
1 0.7828125 0.8765625 0.0734375 0.121875
1 0.76796875 0.73125 0.11875 0.0828125
1 0.51484375 0.85859375 0.078125 0.121875
1 0.36484375 0.73046875 0.1078125 0.1109375
1 0.65546875 0.4765625 0.12734375 0.153125
1 0.6671875 0.3265625 0.08203125 0.14453125
1 0.79296875 0.4484375 0.09921875 0.13515625
1 0.95234375 0.6296875 0.0453125 0.1265625
1 0.915625 0.42421875 0.06875 0.13203125
1 0.915625 0.3 0.11640625 0.13828125
1 0.79296875 0.34453125 0.09453125 0.11875
1 0.91875 0.178125 0.1125 0.09296875
1 0.403125 0.27265625 0.0609375 0.0796875
1 0.25234375 0.390625 0.11015625 0.14296875
1 0.53203125 0.5828125 0.078125 0.071875
1 0.66796875 0.88515625 0.06875 0.09765625
1 0.4984375 0.97109375 0.05859375 0.0578125
1 0.53515625 0.1875 0.090625 0.10703125
1 0.39921875 0.1953125 0.08125 0.075